6.60693
-4.51093
6.58546
-4.49181
6.52117
-4.43459
6.41446
-4.33976
6.26597
-4.20811
6.07661
-4.04074
5.84752
-3.83906
5.58008
-3.60474
5.27593
-3.33977
4.93688
-3.04636
4.565
-2.72698
4.16252
-2.38434
3.73185
-2.02131
3.2756
-1.641
2.79648
-1.24661
2.29737
-0.841535
1.78125
-0.429228
1.25117
-0.0132432
0.710279
0.402822
0.16178
0.815346
-0.3911
1.22071
-0.945119
1.61535
-1.49704
1.99572
-2.04366
2.35842
-2.5818
2.70013
-3.10838
3.01767
-3.62038
3.30806
-4.11489
3.56848
-4.58912
3.79635
-5.04042
3.9893
-5.46628
4.14524
-5.86437
4.26233
-6.23252
4.33902
-6.56877
4.37408
-6.87134
4.36656
-7.13867
4.31584
-7.36942
4.22164
-7.56246
4.08399
-7.71689
3.90324
-7.83205
3.68009
-7.9075
3.41555
-7.94302
3.11095
-7.93864
2.76793
-7.89459
2.38841
-7.81136
1.97463
-7.68961
1.52906
-7.53024
1.05445
-7.33433
0.55376
-7.10315
0.0301741
-6.83817
-0.51294
-6.54101
-1.07205
-6.21343
-1.64348
-5.85736
-2.22344
-5.47485
-2.80808
-5.06804
-3.39344
-4.63921
-3.97559
-4.19067
-4.55054
-3.72484
-5.11437
-3.24418
-5.6632
-2.75117
-6.19322
-2.24833
-6.70075
-1.73817
-7.18222
-1.2232
-7.63424
-0.705908
-8.0536
-0.188726
-8.43729
0.325948
-8.78253
0.835788
-9.08679
1.33854
-9.3478
1.83205
-9.56357
2.31424
-9.7324
2.78317
-9.85291
3.23697
-9.92402
3.67394
-9.94497
4.09248
-9.91532
4.49114
-9.83496
4.86859
-9.70412
5.22365
-9.52334
5.55529
-9.29348
5.86263
-9.01571
6.1449
-8.6915
6.4015
-8.32262
6.63198
-7.91112
6.83601
-7.45928
7.0134
-6.96967
7.16409
-6.44504
7.28815
-5.88837
7.38576
-5.30283
7.45723
-4.69173
7.50296
-4.05851
7.52345
-3.40676
7.5193
-2.74011
7.49121
-2.06228
7.43991
-1.37701
7.36625
-0.688054
7.27109
0.000857184
7.15539
0.686031
7.02011
1.36385
6.86628
2.03077
6.69493
2.6834
6.50712
3.31844
6.30393
3.93279
6.08644
4.52351
5.85572
5.08786
5.61285
5.6233
5.35887
6.12754
5.09484
6.59852
4.82177
7.03443
4.54064
7.43373
4.25243
7.79513
3.95806
8.11762
3.65843
8.40048
3.35438
8.64325
3.04673
8.84574
2.73627
9.00804
2.42372
9.13051
2.10978
9.21376
1.79511
9.25865
1.48032
9.26627
1.16599
9.23795
0.852662
9.17522
0.54083
9.0798
0.230967
8.95362
-0.0764903
8.79873
-0.381135
8.61734
-0.682588
8.41178
-0.980499
8.18449
-1.27454
7.93797
-1.5644
7.6748
-1.84979
7.39758
-2.13045
7.10894
-2.40612
6.8115
-2.67656
6.50785
-2.94155
6.20055
-3.20086
5.89208
-3.4543
5.58484
-3.70166
5.28113
-3.94277
4.98313
-4.17743
4.6929
-4.40549
4.41233
-4.62678
4.14318
-4.84114
3.88701
-5.04843
3.64523
-5.24851
3.41903
-5.44127
3.20943
-5.62659
3.01726
-5.80437
2.84312
-5.97451
2.68743
-6.13697
2.55042
-6.29167
2.43209
-6.43859
2.33229
-6.5777
2.25064
-6.70902
2.1866
-6.83258
2.13948
-6.94841
2.1084
-7.05661
2.09235
-7.15727
2.09016
-7.25052
2.10057
-7.33651
2.1222
-7.41543
2.15356
-7.48748
2.1931
-7.5529
2.23923
-7.61194
2.29028
-7.6649
2.34457
-7.71209
2.40041
-7.75383
2.45613
-7.7905
2.51007
-7.82245
2.56061
-7.85008
2.6062
-7.87379
2.64534
-7.89402
2.67665
-7.91117
2.6988
-7.92569
2.71061
-7.93801
2.71102
-7.94857
2.69907
-7.9578
2.67399
-7.96612
2.6351
-7.97395
2.58192
-7.98167
2.51412
-7.98968
2.4315
-7.99833
2.33406
-8.00795
2.22194
-8.01884
2.09545
-8.03128
1.95505
-8.04551
1.80136
-8.06174
1.63515
-8.08012
1.45731
-8.10078
1.26889
-8.1238
1.07103
-8.14924
0.865011
-8.17707
0.652196
-8.20727
0.43404
-8.23973
0.212071
-8.27434
-0.0121217
-8.31091
-0.236905
-8.34924
-0.460613
-8.38907
-0.681566
-8.43012
-0.898082
-8.47208
-1.10849
-8.51459
-1.31116
-8.55728
-1.50449
-8.59976
-1.68694
-8.64162
-1.85704
-8.68242
-2.01342
-8.72173
-2.15479
-8.75912
-2.27996
-8.79414
-2.38788
-8.82635
-2.47761
-8.85534
-2.54834
-8.8807
-2.59943
-8.90203
-2.63036
-8.91897
-2.64077
-8.93119
-2.63044
-8.93838
-2.59934
-8.94029
-2.54756
-8.93669
-2.47537
-8.92739
-2.38317
-8.91227
-2.27152
-8.89123
-2.14113
-8.86426
-1.99283
-8.83136
-1.82759
-8.79261
-1.64648
-8.74813
-1.45072
-8.69809
-1.24158
-8.64273
-1.02045
-8.58231
-0.788779
-8.51717
-0.548094
-8.44767
-0.299955
-8.37422
-0.0459637
-8.29726
0.21226
-8.21727
0.47309
-8.13475
0.734907
-8.05024
0.996114
-7.96427
1.25515
-7.8774
1.51051
-7.79018
1.76073
-7.70316
2.00445
-7.6169
2.24038
-7.53191
2.46732
-7.4487
2.6842
-7.36774
2.89004
-7.28947
3.084
-7.21428
3.26537
-7.1425
3.43356
-7.07443
3.58814
-7.01029
3.72881
-6.95024
3.85541
-6.89435
3.96793
-6.84265
4.06651
-6.79507
4.1514
-6.75146
4.22301
-6.71159
4.28189
-6.67514
4.32867
-6.64172
4.36415
-6.61086
4.38918
-6.58198
4.40476
-6.55446
4.41193
-6.52756
4.41182
-6.50052
4.40565
-6.47246
4.39463
-6.44249
4.38005
-6.40962
4.36321
-6.37285
4.3454
-6.33113
4.32792
-6.28336
4.31203
-6.22846
4.29896
-6.16529
4.28989
-6.09277
4.28593
-6.00977
4.28812
-5.91523
4.29738
-5.80809
4.31457
-5.68735
4.34039
-5.55206
4.37546
-5.40135
4.42022
-5.23441
4.47502
-5.05052
4.54001
-4.84907
4.61522
-4.62954
4.70052
-4.39155
4.79562
-4.13482
4.90007
-3.85923
5.01325
-3.56477
5.1344
-3.25159
5.26259
-2.91999
5.39677
-2.57041
5.53573
-2.20348
5.67812
-1.81994
5.82248
-1.42071
5.96724
-1.00686
6.11072
-0.579623
6.25115
-0.14036
6.38671
0.309414
6.51549
0.768052
6.63557
1.23378
6.74497
1.7047
6.84174
2.17881
6.9239
2.65402
6.98953
3.12813
7.03674
3.59891
7.0637
4.06403
7.06868
4.52114
7.05001
4.96787
7.00618
5.40183
6.93579
5.82064
6.83758
6.22195
6.71047
6.60343
6.55353
6.96283
6.36605
7.29798
6.14749
7.60679
5.89754
7.88728
5.6161
8.13759
5.30329
8.35601
4.95946
8.54099
4.58519
8.69115
4.1813
8.80526
3.74885
8.88233
3.28911
8.92154
2.80359
8.92229
2.29404
8.88421
1.76238
8.80715
1.21079
8.69119
0.641594
8.53664
0.0573312
8.34404
-0.539307
8.11419
-1.14547
7.84809
-1.75819
7.54698
-2.37435
7.21233
-2.99077
6.84581
-3.60417
6.4493
-4.21123
6.02488
-4.8086
5.57481
-5.3929
5.10151
-5.96079
4.60756
-6.50894
4.09568
-7.0341
3.5687
-7.53309
3.02957
-8.00285
2.4813
-8.44044
1.92697
-8.84306
1.3697
-9.2081
0.812627
-9.53314
0.258899
-9.81596
-0.288374
-10.0546
-0.826123
-10.2472
-1.35134
-10.3925
-1.86112
-10.4891
-2.35265
-10.5361
-2.82325
-10.5329
-3.27038
-10.4792
-3.69168
-10.375
-4.08496
-10.2205
-4.44823
-10.0163
-4.7797
-9.76332
-5.07782
-9.46281
-5.34126
-9.11627
-5.56895
-8.72551
-5.76004
-8.29262
-5.91397
-7.81997
-6.03041
-7.3102
-6.10932
-6.76618
-6.15088
-6.19102
-6.15556
-5.58804
-6.12409
-4.96074
-6.0574
-4.31279
-5.95671
-3.64802
-5.82345
-2.97036
-5.65924
-2.28386
-5.46596
-1.59261
-5.24562
-0.900779
-5.00043
-0.212522
-4.73277
0.467999
-4.44512
1.13666
-4.14009
1.78941
-3.82039
2.42228
-3.4888
3.03142
-3.14814
3.61311
-2.80127
4.16383
-2.45105
4.68021
-2.10033
5.15913
-1.7519
5.59767
-1.40851
5.99318
-1.07282
6.34329
-0.747371
6.64589
-0.434604
6.89919
-0.136801
7.10172
0.143914
7.2523
0.405592
7.35012
0.646477
7.39469
0.865019
7.38584
1.05988
7.32377
1.22996
7.20902
1.37438
7.04243
1.4925
6.82522
1.58394
6.55889
1.64855
6.24528
1.68643
5.88652
1.69792
5.48504
1.6836
5.04351
1.64429
4.56489
1.58102
4.05234
1.49504
3.50926
1.38781
2.93923
1.26095
2.34598
1.11629
1.7334
0.955792
1.10551
0.781555
0.466381
0.595805
-0.179823
0.400864
-0.828911
0.199129
-1.47669
-0.00694548
-2.11896
-0.214873
-2.75161
-0.422156
-3.37057
-0.626308
-3.97187
-0.824879
-4.55168
-1.01547
-5.10631
-1.19577
-5.63224
-1.36357
-6.12614
-1.51675
-6.58492
-1.65337
-7.00569
-1.77163
-7.38584
-1.86989
-7.72301
-1.94673
-8.01513
-2.0009
-8.26044
-2.03139
-8.45745
-2.0374
-8.60502
-2.01838
-8.70229
-1.974
-8.74876
-1.90419
-8.74424
-1.80912
-8.68884
-1.6892
-8.58304
-1.54511
-8.42759
-1.37774
-8.22357
-1.18823
-7.97237
-0.977952
-7.67565
-0.748474
-7.33536
-0.501584
-6.95372
-0.239258
-6.53318
0.0363561
-6.07644
0.322951
-5.58639
0.618081
-5.06612
0.919181
-4.51891
1.22359
-3.94817
1.52855
-3.35742
1.83129
-2.75032
2.12896
-2.13058
2.41874
-1.50198
2.6978
-0.868316
2.96337
-0.233401
3.21272
0.398973
3.44323
1.02506
3.65237
1.64117
3.83774
2.24371
3.99711
2.8292
4.12839
3.39428
4.22972
3.93573
4.2994
4.45052
4.33599
4.9358
4.33825
5.38892
4.30522
5.80743
4.23617
6.18913
4.13065
6.53205
3.98848
6.83446
3.80974
7.0949
3.5948
7.31217
3.3443
7.48531
3.05915
7.61367
2.74054
7.69683
2.3899
7.73467
2.00893
7.7273
1.59957
7.67511
1.16396
7.57875
0.704487
7.43908
0.223723
7.25723
-0.275585
7.03454
-0.790528
6.77257
-1.31806
6.47307
-1.85501
6.13798
-2.39812
5.7694
-2.94407
5.36961
-3.48947
4.94098
-4.03092
4.48605
-4.56501
4.00744
-5.08839
3.50783
-5.59771
2.99001
-6.08974
2.45678
-6.5613
1.91098
-7.00937
1.35546
-7.43106
0.793077
-7.82362
0.226634
-8.18451
-0.341091
-8.51136
-0.907381
-8.80204
-1.46959
-9.05463
-2.02518
-9.26747
-2.57168
-9.43912
-3.10676
-9.56845
-3.62822
-9.65454
-4.13397
-9.6968
-4.62209
-9.69488
-5.0908
-9.64871
-5.5385
-9.55852
-5.96374
-9.42479
-6.36523
-9.24827
-6.74188
-9.02997
-7.09275
-8.77117
-7.4171
-8.47337
-7.71434
-8.13829
-7.98406
-7.7679
-8.22602
-7.36432
-8.44015
-6.92988
-8.62653
-6.46708
-8.7854
-5.97854
-8.91714
-5.46702
-9.02226
-4.93536
-9.10142
-4.38651
-9.15538
-3.82347
-9.18501
-3.24926
-9.19129
-2.66694
-9.17528
-2.07954
-9.13811
-1.49009
-9.08099
-0.901553
-9.00517
-0.316824
-8.91194
0.261286
-8.80265
0.830072
-8.67862
1.38696
-8.54122
1.9295
-8.3918
2.45541
-8.2317
2.96258
-8.06224
3.44907
-7.88472
3.91314
-7.70036
4.35323
-7.51039
4.76801
-7.31593
5.15635
-7.11809
5.51734
-6.91786
5.85027
-6.71621
6.15467
-6.51399
6.43026
-6.312
6.67699
-6.11095
6.89501
-5.91146
7.08467
-5.71407
7.2465
-5.51924
7.38124
-5.32735
7.48976
-5.13867
7.57313
-4.95344
7.63253
-4.77178
7.6693
-4.59376
7.68487
-4.41937
7.68081
-4.24854
7.65875
-4.08114
7.62038
-3.91698
7.56746
-3.75584
7.50179
-3.59745
7.42519
-3.44148
7.33947
-3.28761
7.24643
-3.13547
7.14787
-2.98469
7.04551
-2.83487
6.94105
-2.68563
6.83609
-2.53658
6.73217
-2.38734
6.63072
-2.23756
6.5331
-2.08687
6.44051
-1.93498
6.35408
-1.78158
6.27477
-1.62643
6.20345
-1.46931
6.14084
-1.31005
6.0875
-1.14851
6.04388
-0.984605
6.01029
-0.818308
5.9869
-0.649626
5.97374
-0.478621
5.97072
-0.305403
5.97762
-0.130133
5.9941
0.0469827
6.01973
0.22569
6.05395
0.405692
6.09612
0.586649
6.14552
0.768183
6.20135
0.949881
6.26275
1.1313
6.3288
1.31196
6.39856
1.49138
6.47105
1.66904
6.54527
1.8444
6.62021
2.01694
6.69488
2.18611
6.76831
2.35136
6.83954
2.51217
6.90766
2.66801
6.9718
2.81836
7.03116
2.96274
7.08498
3.10067
7.13261
3.23173
7.17344
3.3555
7.20696
3.47162
7.23276
3.57974
7.2505
3.67959
7.25994
3.77091
7.26095
3.8535
7.25347
3.92722
7.23757
3.99196
7.21339
4.04766
7.18116
4.09433
7.1412
4.13201
7.09393
4.16081
7.03984
4.18086
6.97947
4.19235
6.91346
4.19553
6.84249
4.19068
6.76729
4.17811
6.68864
4.15818
6.60735
4.13129
6.52426
4.09784
6.44022
4.0583
6.3561
4.01312
6.27274
3.9628
6.19101
3.90783
6.11173
3.84872
6.03571
3.78598
5.96371
3.72013
5.89646
3.65167
5.83463
3.58109
5.77885
3.50889
5.72968
3.43552
5.6876
3.36142
5.65304
3.28701
5.62634
3.21268
5.60778
3.13877
5.59754
3.0656
5.59573
2.99344
5.60239
2.92253
5.61747
2.85306
5.64083
2.78516
5.67228
2.71893
5.71153
2.65443
5.75825
2.59165
5.81203
2.53054
5.87238
2.471
5.9388
2.4129
6.0107
2.35605
6.08746
2.3002
6.16844
2.24509
6.25295
2.1904
6.3403
2.13578
6.42975
2.08084
6.52059
2.02517
6.61208
1.96832
6.7035
1.90982
6.79415
1.8492
6.88333
1.78595
6.97038
1.71957
7.05465
1.64953
7.13555
1.57532
7.2125
1.49643
7.28501
1.41235
7.35257
1.3226
7.41479
1.2267
7.47126
1.12421
7.52168
1.01469
7.56577
0.897752
7.60331
0.773046
7.63414
0.640248
7.65811
0.499083
7.67518
0.34932
7.68529
0.190777
7.68847
0.0233235
7.68475
-0.153117
7.67421
-0.338566
7.65696
-0.532987
7.63311
-0.736283
7.60281
-0.948301
7.5662
-1.16882
7.52345
-1.39758
7.4747
-1.63423
7.4201
-1.87838
7.35978
-2.12957
7.29387
-2.38731
7.22245
-2.65101
7.1456
-2.92007
7.06333
-3.19381
6.97567
-3.47151
6.88256
-3.75242
6.78393
-4.03573
6.67966
-4.32059
6.56958
-4.60613
6.45348
-4.89144
6.33111
-5.17559
6.20219
-5.45763
6.06637
-5.73657
5.92329
-6.01143
5.77255
-6.28122
5.61371
-6.54494
5.44634
-6.8016
5.26995
-7.05019
5.08408
-7.28975
4.88823
-7.5193
4.68194
-7.7379
4.46475
-7.94462
4.23621
-8.13858
3.99592
-8.31891
3.74351
-8.48478
3.47866
-8.63542
3.20111
-8.77009
2.91067
-8.88808
2.60723
-8.98877
2.29076
-9.07157
1.96131
-9.13594
1.61906
-9.18143
1.26427
-9.20761
0.89734
-9.21415
0.51876
-9.20078
0.129163
-9.16727
-0.270699
-9.1135
-0.679944
-9.03938
-1.09756
-8.94493
-1.52241
-8.8302
-1.95322
-8.69535
-2.3886
-8.54057
-2.82703
-8.36617
-3.26689
-8.17248
-3.70644
-7.95994
-4.14384
-7.72904
-4.57715
-7.48033
-5.00438
-7.21445
-5.42343
-6.93207
-5.83218
-6.63396
-6.22845
-6.32091
-6.61002
-5.99381
-6.97469
-5.65357
-7.32024
-5.30116
-7.64448
-4.93762
-7.94526
-4.56402
-8.22047
-4.18146
-8.46811
-3.7911
-8.68624
-3.39414
-8.87304
-2.99178
-9.02682
-2.58528
-9.14603
-2.17592
-9.22929
-1.76498
-9.27538
-1.35379
-9.28329
-0.943653
-9.2522
-0.53591
-9.18152
-0.131889
-9.07087
0.267077
-8.92012
0.659663
-8.72939
1.04456
-8.49904
1.42045
-8.2297
1.78608
-7.92223
2.14018
-7.57779
2.48153
-7.19776
2.80893
-6.78379
3.12125
-6.33779
3.41735
-5.86188
3.6962
-5.35844
3.95677
-4.83006
4.19811
-4.27953
4.41934
-3.70983
4.61963
-3.12413
4.79821
-2.52572
4.95442
-1.91806
5.08763
-1.3047
5.19732
-0.689285
5.28304
-0.0755126
5.34444
0.53287
5.38124
1.13211
5.39327
1.71846
5.38043
2.28822
5.34274
2.83778
5.28029
3.36358
5.19329
3.86224
5.08203
4.33047
4.94692
4.76521
4.78844
5.16357
4.60719
5.52288
4.40385
5.84073
4.17921
6.11497
3.93414
6.34374
3.66961
6.52548
3.38667
6.65894
3.08647
6.74322
2.77022
6.77773
2.43923
6.76227
2.09485
6.69694
1.73854
6.58225
1.37179
6.41903
0.996166
6.20848
0.61327
5.95214
0.224756
5.6519
-0.167684
5.30997
-0.562328
4.92887
-0.957434
4.51144
-1.35124
4.06078
-1.74198
3.58027
-2.12789
3.07349
-2.50721
2.54428
-2.87819
1.99662
-3.23912
1.43467
-3.58831
0.862703
-3.92413
0.2851
-4.24498
-0.293714
-4.54932
-0.86928
-4.83568
-1.43715
-5.10268
-1.9929
-5.34898
-2.53221
-5.57338
-3.05085
-5.77473
-3.54474
-5.952
-4.00996
-6.10426
-4.44282
-6.23072
-4.83984
-6.33067
-5.19782
-6.40355
-5.51387
-6.4489
-5.78537
-6.46643
-6.01007
-6.45593
-6.18608
-6.41737
-6.31187
-6.35084
-6.38631
-6.25655
-6.40865
-6.13488
-6.37858
-5.98631
-6.29619
-5.81149
-6.16197
-5.61116
-5.97686
-5.38623
-5.74217
-5.13772
-5.45965
-4.86677
-5.13141
-4.57463
-4.75997
-4.26267
-4.34817
-3.93236
-3.89923
-3.58528
-3.41666
-3.22308
-2.90427
-2.84752
-2.36614
-2.4604
-1.80657
-2.06362
-1.23007
-1.6591
-0.641307
-1.24884
-0.0450924
-0.834847
0.553678
-0.419182
1.15005
-0.00390247
1.73905
0.408923
2.31574
0.817232
2.87522
1.21898
3.4127
1.61214
3.92353
1.99474
4.40324
2.36483
4.84755
2.72055
5.25246
3.06008
5.61422
3.38168
5.9294
3.68371
6.1949
3.96461
6.40802
4.22293
6.56639
4.45734
6.66811
4.66659
6.71166
4.84961
6.696
5.0054
6.6205
5.13313
6.48504
5.23211
6.28991
5.30177
6.03591
5.34169
5.72428
5.35162
5.35671
5.33142
4.93535
5.28112
4.46276
5.2009
3.94192
5.09108
3.37622
4.95211
2.76938
4.7846
2.1255
4.58929
1.44897
4.36706
0.744466
4.1189
0.0169088
3.84595
-0.728569
3.54943
-1.48666
3.23069
-2.25194
2.89119
-3.01888
2.53247
-3.78189
2.15615
-4.53539
1.76393
-5.27384
1.35759
-5.99175
0.938959
-6.68376
0.509901
-7.34466
0.0723319
-7.96947
-0.371808
-8.55339
-0.820562
-9.09195
-1.27197
-9.58093
-1.72406
-10.0165
-2.17488
-10.3951
-2.62252
-10.7137
-3.06507
-10.9697
-3.50068
-11.1607
-3.92754
-11.285
-4.3439
-11.3412
-4.74809
-11.3286
-5.13848
-11.2467
-5.51356
-11.0957
-5.87188
-10.8762
-6.21209
-10.5894
-6.53295
-10.2367
-6.8333
-9.82028
-7.1121
-9.34252
-7.36842
-8.80637
-7.60145
-8.21511
-7.81047
-7.57244
-7.99491
-6.8824
-8.15429
-6.14933
-8.28825
-5.37787
-8.39656
-4.57293
-8.4791
-3.7396
-8.53584
-2.88316
-8.56691
-2.00902
-8.57249
-1.12269
-8.55291
-0.229745
-8.50857
0.664259
-8.43998
1.55377
-8.34773
2.43333
-8.23251
3.29757
-8.09508
4.14129
-7.93627
4.95947
-7.75698
5.74731
-7.55817
6.50028
-7.34086
7.21415
-7.1061
7.88499
-6.85501
8.50923
-6.58872
9.08368
-6.3084
9.60552
-6.01521
10.0724
-5.71037
10.4822
-5.39508
10.8336
-5.07054
11.1254
-4.73795
11.357
-4.3985
11.5281
-4.05336
11.6391
-3.70368
11.6906
-3.35059
11.6837
-2.99517
11.62
-2.63847
11.5014
-2.28152
11.3301
-1.92529
11.1089
-1.5707
10.8407
-1.21864
10.5288
-0.869919
10.1767
-0.525325
9.78829
-0.185576
9.36747
0.148665
8.91844
0.476785
8.44547
0.798232
7.95296
1.11251
7.44534
1.41916
6.92709
1.71782
6.40264
2.00813
5.87638
2.28982
5.35261
2.56264
4.83552
2.82642
4.3291
3.08102
3.8372
3.32633
3.3634
3.56231
2.91106
3.78892
2.48327
4.00621
2.0828
4.21421
1.71212
4.41301
1.37335
4.60273
1.06828
4.78348
0.798339
4.95544
0.564571
5.11878
0.367662
5.27368
0.207923
5.42036
0.0852945
5.55904
-0.000649338
5.68993
-0.0506898
5.81327
-0.0659533
5.9293
-0.0478963
6.03826
0.00171172
6.14039
0.0808089
6.23592
0.187063
6.32511
0.317898
6.40817
0.470516
6.48534
0.641934
6.55685
0.829005
6.62291
1.02846
6.68373
1.23692
6.73953
1.45096
6.7905
1.66712
6.83682
1.88193
6.87869
2.09198
6.91629
2.29391
6.94977
2.48447
6.97931
2.66054
7.00507
2.81916
7.0272
2.95756
7.04584
3.07319
7.06115
3.16373
7.07327
3.22711
7.08233
3.26158
7.08848
3.26563
7.09185
3.2381
7.09257
3.17814
7.0908
3.08521
7.08665
2.95913
7.08028
2.80004
7.07182
2.6084
7.06141
2.38502
7.0492
2.13102
7.03533
1.84783
7.01997
1.53718
7.00325
1.20108
6.98533
0.841791
6.96637
0.461841
6.94653
0.0639577
6.92597
-0.348933
6.90484
-0.773738
6.88333
-1.20722
6.86157
-1.64605
6.83975
-2.08679
6.81801
-2.52599
6.79651
-2.96015
6.77542
-3.38581
6.75488
-3.79954
6.73504
-4.198
6.71605
-4.57796
6.69803
-4.93631
6.68111
-5.27012
6.66542
-5.57666
6.65107
-5.8534
6.63816
-6.09805
6.62677
-6.3086
6.617
-6.48331
6.60891
-6.62071
6.60255
-6.71968
6.59798
-6.7794
6.59523
-6.79936
6.5943
-6.7794
6.59523
-6.71968
6.59798
-6.62071
6.60255
-6.48331
6.60891
-6.3086
6.617
-6.09805
6.62677
-5.8534
6.63816
-5.57666
6.65107
-5.27012
6.66542
-4.93631
6.68111
-4.57796
6.69803
-4.198
6.71605
-3.79954
6.73504
-3.38581
6.75488
-2.96015
6.77542
-2.52599
6.79651
-2.08679
6.81801
-1.64605
6.83975
-1.20722
6.86157
-0.773738
6.88333
-0.348933
6.90484
0.0639577
6.92597
0.461841
6.94653
0.841791
6.96637
1.20108
6.98533
1.53718
7.00325
1.84783
7.01997
2.13102
7.03533
2.38502
7.0492
2.6084
7.06141
2.80004
7.07182
2.95913
7.08028
3.08521
7.08665
3.17814
7.0908
3.2381
7.09257
3.26563
7.09185
3.26158
7.08848
3.22711
7.08233
3.16373
7.07327
3.07319
7.06115
2.95756
7.04584
2.81916
7.0272
2.66054
7.00507
2.48447
6.97931
2.29391
6.94977
2.09198
6.91629
1.88193
6.87869
1.66712
6.83682
1.45096
6.7905
1.23692
6.73953
1.02846
6.68373
0.829005
6.62291
0.641934
6.55685
0.470516
6.48534
0.317898
6.40817
0.187063
6.32511
0.0808089
6.23592
0.00171172
6.14039
-0.0478963
6.03826
-0.0659533
5.9293
-0.0506898
5.81327
-0.000649338
5.68993
0.0852945
5.55904
0.207923
5.42036
0.367662
5.27368
0.564571
5.11878
0.798339
4.95544
1.06828
4.78348
1.37335
4.60273
1.71212
4.41301
2.0828
4.21421
2.48327
4.00621
2.91106
3.78892
3.3634
3.56231
3.8372
3.32633
4.3291
3.08102
4.83552
2.82642
5.35261
2.56264
5.87638
2.28982
6.40264
2.00813
6.92709
1.71782
7.44534
1.41916
7.95296
1.11251
8.44547
0.798232
8.91844
0.476785
9.36747
0.148665
9.78829
-0.185576
10.1767
-0.525325
10.5288
-0.869919
10.8407
-1.21864
11.1089
-1.5707
11.3301
-1.92529
11.5014
-2.28152
11.62
-2.63847
11.6837
-2.99517
11.6906
-3.35059
11.6391
-3.70368
11.5281
-4.05336
11.357
-4.3985
11.1254
-4.73795
10.8336
-5.07054
10.4822
-5.39508
10.0724
-5.71037
9.60552
-6.01521
9.08368
-6.3084
8.50923
-6.58872
7.88499
-6.85501
7.21415
-7.1061
6.50028
-7.34086
5.74731
-7.55817
4.95947
-7.75698
4.14129
-7.93627
3.29757
-8.09508
2.43333
-8.23251
1.55377
-8.34773
0.664259
-8.43998
-0.229745
-8.50857
-1.12269
-8.55291
-2.00902
-8.57249
-2.88316
-8.56691
-3.7396
-8.53584
-4.57293
-8.4791
-5.37787
-8.39656
-6.14933
-8.28825
-6.8824
-8.15429
-7.57244
-7.99491
-8.21511
-7.81047
-8.80637
-7.60145
-9.34252
-7.36842
-9.82028
-7.1121
-10.2367
-6.8333
-10.5894
-6.53295
-10.8762
-6.21209
-11.0957
-5.87188
-11.2467
-5.51356
-11.3286
-5.13848
-11.3412
-4.74809
-11.285
-4.3439
-11.1607
-3.92754
-10.9697
-3.50068
-10.7137
-3.06507
-10.3951
-2.62252
-10.0165
-2.17488
-9.58093
-1.72406
-9.09195
-1.27197
-8.55339
-0.820562
-7.96947
-0.371808
-7.34466
0.0723319
-6.68376
0.509901
-5.99175
0.938959
-5.27384
1.35759
-4.53539
1.76393
-3.78189
2.15615
-3.01888
2.53247
-2.25194
2.89119
-1.48666
3.23069
-0.728569
3.54943
0.0169088
3.84595
0.744466
4.1189
1.44897
4.36706
2.1255
4.58929
2.76938
4.7846
3.37622
4.95211
3.94192
5.09108
4.46276
5.2009
4.93535
5.28112
5.35671
5.33142
5.72428
5.35162
6.03591
5.34169
6.28991
5.30177
6.48504
5.23211
6.6205
5.13313
6.696
5.0054
6.71166
4.84961
6.66811
4.66659
6.56639
4.45734
6.40802
4.22293
6.1949
3.96461
5.9294
3.68371
5.61422
3.38168
5.25246
3.06008
4.84755
2.72055
4.40324
2.36483
3.92353
1.99474
3.4127
1.61214
2.87522
1.21898
2.31574
0.817232
1.73905
0.408923
1.15005
-0.00390247
0.553678
-0.419182
-0.0450924
-0.834847
-0.641307
-1.24884
-1.23007
-1.6591
-1.80657
-2.06362
-2.36614
-2.4604
-2.90427
-2.84752
-3.41666
-3.22308
-3.89923
-3.58528
-4.34817
-3.93236
-4.75997
-4.26267
-5.13141
-4.57463
-5.45965
-4.86677
-5.74217
-5.13772
-5.97686
-5.38623
-6.16197
-5.61116
-6.29619
-5.81149
-6.37858
-5.98631
-6.40865
-6.13488
-6.38631
-6.25655
-6.31187
-6.35084
-6.18608
-6.41737
-6.01007
-6.45593
-5.78537
-6.46643
-5.51387
-6.4489
-5.19782
-6.40355
-4.83984
-6.33067
-4.44282
-6.23072
-4.00996
-6.10426
-3.54474
-5.952
-3.05085
-5.77473
-2.53221
-5.57338
-1.9929
-5.34898
-1.43715
-5.10268
-0.86928
-4.83568
-0.293714
-4.54932
0.2851
-4.24498
0.862703
-3.92413
1.43467
-3.58831
1.99662
-3.23912
2.54428
-2.87819
3.07349
-2.50721
3.58027
-2.12789
4.06078
-1.74198
4.51144
-1.35124
4.92887
-0.957434
5.30997
-0.562328
5.6519
-0.167684
5.95214
0.224756
6.20848
0.61327
6.41903
0.996166
6.58225
1.37179
6.69694
1.73854
6.76227
2.09485
6.77773
2.43923
6.74322
2.77022
6.65894
3.08647
6.52548
3.38667
6.34374
3.66961
6.11497
3.93414
5.84073
4.17921
5.52288
4.40385
5.16357
4.60719
4.76521
4.78844
4.33047
4.94692
3.86224
5.08203
3.36358
5.19329
2.83778
5.28029
2.28822
5.34274
1.71846
5.38043
1.13211
5.39327
0.53287
5.38124
-0.0755126
5.34444
-0.689285
5.28304
-1.3047
5.19732
-1.91806
5.08763
-2.52572
4.95442
-3.12413
4.79821
-3.70983
4.61963
-4.27953
4.41934
-4.83006
4.19811
-5.35844
3.95677
-5.86188
3.6962
-6.33779
3.41735
-6.78379
3.12125
-7.19776
2.80893
-7.57779
2.48153
-7.92223
2.14018
-8.2297
1.78608
-8.49904
1.42045
-8.72939
1.04456
-8.92012
0.659663
-9.07087
0.267077
-9.18152
-0.131889
-9.2522
-0.53591
-9.28329
-0.943653
-9.27538
-1.35379
-9.22929
-1.76498
-9.14603
-2.17592
-9.02682
-2.58528
-8.87304
-2.99178
-8.68624
-3.39414
-8.46811
-3.7911
-8.22047
-4.18146
-7.94526
-4.56402
-7.64448
-4.93762
-7.32024
-5.30116
-6.97469
-5.65357
-6.61002
-5.99381
-6.22845
-6.32091
-5.83218
-6.63396
-5.42343
-6.93207
-5.00438
-7.21445
-4.57715
-7.48033
-4.14384
-7.72904
-3.70644
-7.95994
-3.26689
-8.17248
-2.82703
-8.36617
-2.3886
-8.54057
-1.95322
-8.69535
-1.52241
-8.8302
-1.09756
-8.94493
-0.679944
-9.03938
-0.270699
-9.1135
0.129163
-9.16727
0.51876
-9.20078
0.89734
-9.21415
1.26427
-9.20761
1.61906
-9.18143
1.96131
-9.13594
2.29076
-9.07157
2.60723
-8.98877
2.91067
-8.88808
3.20111
-8.77009
3.47866
-8.63542
3.74351
-8.48478
3.99592
-8.31891
4.23621
-8.13858
4.46475
-7.94462
4.68194
-7.7379
4.88823
-7.5193
5.08408
-7.28975
5.26995
-7.05019
5.44634
-6.8016
5.61371
-6.54494
5.77255
-6.28122
5.92329
-6.01143
6.06637
-5.73657
6.20219
-5.45763
6.33111
-5.17559
6.45348
-4.89144
6.56958
-4.60613
6.67966
-4.32059
6.78393
-4.03573
6.88256
-3.75242
6.97567
-3.47151
7.06333
-3.19381
7.1456
-2.92007
7.22245
-2.65101
7.29387
-2.38731
7.35978
-2.12957
7.4201
-1.87838
7.4747
-1.63423
7.52345
-1.39758
7.5662
-1.16882
7.60281
-0.948301
7.63311
-0.736283
7.65696
-0.532987
7.67421
-0.338566
7.68475
-0.153117
7.68847
0.0233235
7.68529
0.190777
7.67518
0.34932
7.65811
0.499083
7.63414
0.640248
7.60331
0.773046
7.56577
0.897752
7.52168
1.01469
7.47126
1.12421
7.41479
1.2267
7.35257
1.3226
7.28501
1.41235
7.2125
1.49643
7.13555
1.57532
7.05465
1.64953
6.97038
1.71957
6.88333
1.78595
6.79415
1.8492
6.7035
1.90982
6.61208
1.96832
6.52059
2.02517
6.42975
2.08084
6.3403
2.13578
6.25295
2.1904
6.16844
2.24509
6.08746
2.3002
6.0107
2.35605
5.9388
2.4129
5.87238
2.471
5.81203
2.53054
5.75825
2.59165
5.71153
2.65443
5.67228
2.71893
5.64083
2.78516
5.61747
2.85306
5.60239
2.92253
5.59573
2.99344
5.59754
3.0656
5.60778
3.13877
5.62634
3.21268
5.65304
3.28701
5.6876
3.36142
5.72968
3.43552
5.77885
3.50889
5.83463
3.58109
5.89646
3.65167
5.96371
3.72013
6.03571
3.78598
6.11173
3.84872
6.19101
3.90783
6.27274
3.9628
6.3561
4.01312
6.44022
4.0583
6.52426
4.09784
6.60735
4.13129
6.68864
4.15818
6.76729
4.17811
6.84249
4.19068
6.91346
4.19553
6.97947
4.19235
7.03984
4.18086
7.09393
4.16081
7.1412
4.13201
7.18116
4.09433
7.21339
4.04766
7.23757
3.99196
7.25347
3.92722
7.26095
3.8535
7.25994
3.77091
7.2505
3.67959
7.23276
3.57974
7.20696
3.47162
7.17344
3.3555
7.13261
3.23173
7.08498
3.10067
7.03116
2.96274
6.9718
2.81836
6.90766
2.66801
6.83954
2.51217
6.76831
2.35136
6.69488
2.18611
6.62021
2.01694
6.54527
1.8444
6.47105
1.66904
6.39856
1.49138
6.3288
1.31196
6.26275
1.1313
6.20135
0.949881
6.14552
0.768183
6.09612
0.586649
6.05395
0.405692
6.01973
0.22569
5.9941
0.0469827
5.97762
-0.130133
5.97072
-0.305403
5.97374
-0.478621
5.9869
-0.649626
6.01029
-0.818308
6.04388
-0.984605
6.0875
-1.14851
6.14084
-1.31005
6.20345
-1.46931
6.27477
-1.62643
6.35408
-1.78158
6.44051
-1.93498
6.5331
-2.08687
6.63072
-2.23756
6.73217
-2.38734
6.83609
-2.53658
6.94105
-2.68563
7.04551
-2.83487
7.14787
-2.98469
7.24643
-3.13547
7.33947
-3.28761
7.42519
-3.44148
7.50179
-3.59745
7.56746
-3.75584
7.62038
-3.91698
7.65875
-4.08114
7.68081
-4.24854
7.68487
-4.41937
7.6693
-4.59376
7.63253
-4.77178
7.57313
-4.95344
7.48976
-5.13867
7.38124
-5.32735
7.2465
-5.51924
7.08467
-5.71407
6.89501
-5.91146
6.67699
-6.11095
6.43026
-6.312
6.15467
-6.51399
5.85027
-6.71621
5.51734
-6.91786
5.15635
-7.11809
4.76801
-7.31593
4.35323
-7.51039
3.91314
-7.70036
3.44907
-7.88472
2.96258
-8.06224
2.45541
-8.2317
1.9295
-8.3918
1.38696
-8.54122
0.830072
-8.67862
0.261286
-8.80265
-0.316824
-8.91194
-0.901553
-9.00517
-1.49009
-9.08099
-2.07954
-9.13811
-2.66694
-9.17528
-3.24926
-9.19129
-3.82347
-9.18501
-4.38651
-9.15538
-4.93536
-9.10142
-5.46702
-9.02226
-5.97854
-8.91714
-6.46708
-8.7854
-6.92988
-8.62653
-7.36432
-8.44015
-7.7679
-8.22602
-8.13829
-7.98406
-8.47337
-7.71434
-8.77117
-7.4171
-9.02997
-7.09275
-9.24827
-6.74188
-9.42479
-6.36523
-9.55852
-5.96374
-9.64871
-5.5385
-9.69488
-5.0908
-9.6968
-4.62209
-9.65454
-4.13397
-9.56845
-3.62822
-9.43912
-3.10676
-9.26747
-2.57168
-9.05463
-2.02518
-8.80204
-1.46959
-8.51136
-0.907381
-8.18451
-0.341091
-7.82362
0.226634
-7.43106
0.793077
-7.00937
1.35546
-6.5613
1.91098
-6.08974
2.45678
-5.59771
2.99001
-5.08839
3.50783
-4.56501
4.00744
-4.03092
4.48605
-3.48947
4.94098
-2.94407
5.36961
-2.39812
5.7694
-1.85501
6.13798
-1.31806
6.47307
-0.790528
6.77257
-0.275585
7.03454
0.223723
7.25723
0.704487
7.43908
1.16396
7.57875
1.59957
7.67511
2.00893
7.7273
2.3899
7.73467
2.74054
7.69683
3.05915
7.61367
3.3443
7.48531
3.5948
7.31217
3.80974
7.0949
3.98848
6.83446
4.13065
6.53205
4.23617
6.18913
4.30522
5.80743
4.33825
5.38892
4.33599
4.9358
4.2994
4.45052
4.22972
3.93573
4.12839
3.39428
3.99711
2.8292
3.83774
2.24371
3.65237
1.64117
3.44323
1.02506
3.21272
0.398973
2.96337
-0.233401
2.6978
-0.868316
2.41874
-1.50198
2.12896
-2.13058
1.83129
-2.75032
1.52855
-3.35742
1.22359
-3.94817
0.919181
-4.51891
0.618081
-5.06612
0.322951
-5.58639
0.0363561
-6.07644
-0.239258
-6.53318
-0.501584
-6.95372
-0.748474
-7.33536
-0.977952
-7.67565
-1.18823
-7.97237
-1.37774
-8.22357
-1.54511
-8.42759
-1.6892
-8.58304
-1.80912
-8.68884
-1.90419
-8.74424
-1.974
-8.74876
-2.01838
-8.70229
-2.0374
-8.60502
-2.03139
-8.45745
-2.0009
-8.26044
-1.94673
-8.01513
-1.86989
-7.72301
-1.77163
-7.38584
-1.65337
-7.00569
-1.51675
-6.58492
-1.36357
-6.12614
-1.19577
-5.63224
-1.01547
-5.10631
-0.824879
-4.55168
-0.626308
-3.97187
-0.422156
-3.37057
-0.214873
-2.75161
-0.00694548
-2.11896
0.199129
-1.47669
0.400864
-0.828911
0.595805
-0.179823
0.781555
0.466381
0.955792
1.10551
1.11629
1.7334
1.26095
2.34598
1.38781
2.93923
1.49504
3.50926
1.58102
4.05234
1.64429
4.56489
1.6836
5.04351
1.69792
5.48504
1.68643
5.88652
1.64855
6.24528
1.58394
6.55889
1.4925
6.82522
1.37438
7.04243
1.22996
7.20902
1.05988
7.32377
0.865019
7.38584
0.646477
7.39469
0.405592
7.35012
0.143914
7.2523
-0.136801
7.10172
-0.434604
6.89919
-0.747371
6.64589
-1.07282
6.34329
-1.40851
5.99318
-1.7519
5.59767
-2.10033
5.15913
-2.45105
4.68021
-2.80127
4.16383
-3.14814
3.61311
-3.4888
3.03142
-3.82039
2.42228
-4.14009
1.78941
-4.44512
1.13666
-4.73277
0.467999
-5.00043
-0.212522
-5.24562
-0.900779
-5.46596
-1.59261
-5.65924
-2.28386
-5.82345
-2.97036
-5.95671
-3.64802
-6.0574
-4.31279
-6.12409
-4.96074
-6.15556
-5.58804
-6.15088
-6.19102
-6.10932
-6.76618
-6.03041
-7.3102
-5.91397
-7.81997
-5.76004
-8.29262
-5.56895
-8.72551
-5.34126
-9.11627
-5.07782
-9.46281
-4.7797
-9.76332
-4.44823
-10.0163
-4.08496
-10.2205
-3.69168
-10.375
-3.27038
-10.4792
-2.82325
-10.5329
-2.35265
-10.5361
-1.86112
-10.4891
-1.35134
-10.3925
-0.826123
-10.2472
-0.288374
-10.0546
0.258899
-9.81596
0.812627
-9.53314
1.3697
-9.2081
1.92697
-8.84306
2.4813
-8.44044
3.02957
-8.00285
3.5687
-7.53309
4.09568
-7.0341
4.60756
-6.50894
5.10151
-5.96079
5.57481
-5.3929
6.02488
-4.8086
6.4493
-4.21123
6.84581
-3.60417
7.21233
-2.99077
7.54698
-2.37435
7.84809
-1.75819
8.11419
-1.14547
8.34404
-0.539307
8.53664
0.0573312
8.69119
0.641594
8.80715
1.21079
8.88421
1.76238
8.92229
2.29404
8.92154
2.80359
8.88233
3.28911
8.80526
3.74885
8.69115
4.1813
8.54099
4.58519
8.35601
4.95946
8.13759
5.30329
7.88728
5.6161
7.60679
5.89754
7.29798
6.14749
6.96283
6.36605
6.60343
6.55353
6.22195
6.71047
5.82064
6.83758
5.40183
6.93579
4.96787
7.00618
4.52114
7.05001
4.06403
7.06868
3.59891
7.0637
3.12813
7.03674
2.65402
6.98953
2.17881
6.9239
1.7047
6.84174
1.23378
6.74497
0.768052
6.63557
0.309414
6.51549
-0.14036
6.38671
-0.579623
6.25115
-1.00686
6.11072
-1.42071
5.96724
-1.81994
5.82248
-2.20348
5.67812
-2.57041
5.53573
-2.91999
5.39677
-3.25159
5.26259
-3.56477
5.1344
-3.85923
5.01325
-4.13482
4.90007
-4.39155
4.79562
-4.62954
4.70052
-4.84907
4.61522
-5.05052
4.54001
-5.23441
4.47502
-5.40135
4.42022
-5.55206
4.37546
-5.68735
4.34039
-5.80809
4.31457
-5.91523
4.29738
-6.00977
4.28812
-6.09277
4.28593
-6.16529
4.28989
-6.22846
4.29896
-6.28336
4.31203
-6.33113
4.32792
-6.37285
4.3454
-6.40962
4.36321
-6.44249
4.38005
-6.47246
4.39463
-6.50052
4.40565
-6.52756
4.41182
-6.55446
4.41193
-6.58198
4.40476
-6.61086
4.38918
-6.64172
4.36415
-6.67514
4.32867
-6.71159
4.28189
-6.75146
4.22301
-6.79507
4.1514
-6.84265
4.06651
-6.89435
3.96793
-6.95024
3.85541
-7.01029
3.72881
-7.07443
3.58814
-7.1425
3.43356
-7.21428
3.26537
-7.28947
3.084
-7.36774
2.89004
-7.4487
2.6842
-7.53191
2.46732
-7.6169
2.24038
-7.70316
2.00445
-7.79018
1.76073
-7.8774
1.51051
-7.96427
1.25515
-8.05024
0.996114
-8.13475
0.734907
-8.21727
0.47309
-8.29726
0.21226
-8.37422
-0.0459637
-8.44767
-0.299955
-8.51717
-0.548094
-8.58231
-0.788779
-8.64273
-1.02045
-8.69809
-1.24158
-8.74813
-1.45072
-8.79261
-1.64648
-8.83136
-1.82759
-8.86426
-1.99283
-8.89123
-2.14113
-8.91227
-2.27152
-8.92739
-2.38317
-8.93669
-2.47537
-8.94029
-2.54756
-8.93838
-2.59934
-8.93119
-2.63044
-8.91897
-2.64077
-8.90203
-2.63036
-8.8807
-2.59943
-8.85534
-2.54834
-8.82635
-2.47761
-8.79414
-2.38788
-8.75912
-2.27996
-8.72173
-2.15479
-8.68242
-2.01342
-8.64162
-1.85704
-8.59976
-1.68694
-8.55728
-1.50449
-8.51459
-1.31116
-8.47208
-1.10849
-8.43012
-0.898082
-8.38907
-0.681566
-8.34924
-0.460613
-8.31091
-0.236905
-8.27434
-0.0121217
-8.23973
0.212071
-8.20727
0.43404
-8.17707
0.652196
-8.14924
0.865011
-8.1238
1.07103
-8.10078
1.26889
-8.08012
1.45731
-8.06174
1.63515
-8.04551
1.80136
-8.03128
1.95505
-8.01884
2.09545
-8.00795
2.22194
-7.99833
2.33406
-7.98968
2.4315
-7.98167
2.51412
-7.97395
2.58192
-7.96612
2.6351
-7.9578
2.67399
-7.94857
2.69907
-7.93801
2.71102
-7.92569
2.71061
-7.91117
2.6988
-7.89402
2.67665
-7.87379
2.64534
-7.85008
2.6062
-7.82245
2.56061
-7.7905
2.51007
-7.75383
2.45613
-7.71209
2.40041
-7.6649
2.34457
-7.61194
2.29028
-7.5529
2.23923
-7.48748
2.1931
-7.41543
2.15356
-7.33651
2.1222
-7.25052
2.10057
-7.15727
2.09016
-7.05661
2.09235
-6.94841
2.1084
-6.83258
2.13948
-6.70902
2.1866
-6.5777
2.25064
-6.43859
2.33229
-6.29167
2.43209
-6.13697
2.55042
-5.97451
2.68743
-5.80437
2.84312
-5.62659
3.01726
-5.44127
3.20943
-5.24851
3.41903
-5.04843
3.64523
-4.84114
3.88701
-4.62678
4.14318
-4.40549
4.41233
-4.17743
4.6929
-3.94277
4.98313
-3.70166
5.28113
-3.4543
5.58484
-3.20086
5.89208
-2.94155
6.20055
-2.67656
6.50785
-2.40612
6.8115
-2.13045
7.10894
-1.84979
7.39758
-1.5644
7.6748
-1.27454
7.93797
-0.980499
8.18449
-0.682588
8.41178
-0.381135
8.61734
-0.0764903
8.79873
0.230967
8.95362
0.54083
9.0798
0.852662
9.17522
1.16599
9.23795
1.48032
9.26627
1.79511
9.25865
2.10978
9.21376
2.42372
9.13051
2.73627
9.00804
3.04673
8.84574
3.35438
8.64325
3.65843
8.40048
3.95806
8.11762
4.25243
7.79513
4.54064
7.43373
4.82177
7.03443
5.09484
6.59852
5.35887
6.12754
5.61285
5.6233
5.85572
5.08786
6.08644
4.52351
6.30393
3.93279
6.50712
3.31844
6.69493
2.6834
6.86628
2.03077
7.02011
1.36385
7.15539
0.686031
7.27109
0.000857184
7.36625
-0.688054
7.43991
-1.37701
7.49121
-2.06228
7.5193
-2.74011
7.52345
-3.40676
7.50296
-4.05851
7.45723
-4.69173
7.38576
-5.30283
7.28815
-5.88837
7.16409
-6.44504
7.0134
-6.96967
6.83601
-7.45928
6.63198
-7.91112
6.4015
-8.32262
6.1449
-8.6915
5.86263
-9.01571
5.55529
-9.29348
5.22365
-9.52334
4.86859
-9.70412
4.49114
-9.83496
4.09248
-9.91532
3.67394
-9.94497
3.23697
-9.92402
2.78317
-9.85291
2.31424
-9.7324
1.83205
-9.56357
1.33854
-9.3478
0.835788
-9.08679
0.325948
-8.78253
-0.188726
-8.43729
-0.705908
-8.0536
-1.2232
-7.63424
-1.73817
-7.18222
-2.24833
-6.70075
-2.75117
-6.19322
-3.24418
-5.6632
-3.72484
-5.11437
-4.19067
-4.55054
-4.63921
-3.97559
-5.06804
-3.39344
-5.47485
-2.80808
-5.85736
-2.22344
-6.21343
-1.64348
-6.54101
-1.07205
-6.83817
-0.51294
-7.10315
0.0301741
-7.33433
0.55376
-7.53024
1.05445
-7.68961
1.52906
-7.81136
1.97463
-7.89459
2.38841
-7.93864
2.76793
-7.94302
3.11095
-7.9075
3.41555
-7.83205
3.68009
-7.71689
3.90324
-7.56246
4.08399
-7.36942
4.22164
-7.13867
4.31584
-6.87134
4.36656
-6.56877
4.37408
-6.23252
4.33902
-5.86437
4.26233
-5.46628
4.14524
-5.04042
3.9893
-4.58912
3.79635
-4.11489
3.56848
-3.62038
3.30806
-3.10838
3.01767
-2.5818
2.70013
-2.04366
2.35842
-1.49704
1.99572
-0.945119
1.61535
-0.3911
1.22071
0.16178
0.815346
0.710279
0.402822
1.25117
-0.0132432
1.78125
-0.429228
2.29737
-0.841535
2.79648
-1.24661
3.2756
-1.641
3.73185
-2.02131
4.16252
-2.38434
4.565
-2.72698
4.93688
-3.04636
5.27593
-3.33977
5.58008
-3.60474
5.84752
-3.83906
6.07661
-4.04074
6.26597
-4.20811
6.41446
-4.33976
6.52117
-4.43459
6.58546
-4.49181
