-6.82357
-4.176
-6.80806
-4.15888
-6.7616
-4.10763
-6.68441
-4.02256
-6.57683
-3.90419
-6.43933
-3.75322
-6.27255
-3.57056
-6.07721
-3.35733
-5.8542
-3.11481
-5.6045
-2.84446
-5.32923
-2.54793
-5.0296
-2.22701
-4.70693
-1.88364
-4.36264
-1.51992
-3.99823
-1.13805
-3.61529
-0.740359
-3.21548
-0.329277
-2.80051
0.0926867
-2.37215
0.522946
-1.93222
0.958859
-1.48257
1.39774
-1.02506
1.83689
-0.561588
2.27358
-0.0940382
2.7051
0.375708
3.12877
0.845785
3.54192
1.31435
3.94197
1.77962
4.32637
2.23981
4.69269
2.69325
5.03858
3.13828
5.36181
3.57335
5.66026
3.99697
5.93198
4.40775
6.17514
4.80439
6.38809
5.18569
6.56936
5.55056
6.71764
5.89802
6.83184
6.22721
6.91104
6.53739
6.95455
6.82792
6.96186
7.09833
6.9327
7.34824
6.86702
7.5774
6.76495
7.78571
6.62688
7.97317
6.45339
8.13991
6.24529
8.28619
6.0036
8.41237
5.72952
8.51895
5.42449
8.6065
5.09011
8.67573
4.72817
8.72742
4.34065
8.76245
3.92967
8.78178
3.49752
8.78645
3.04663
8.77754
2.57953
8.75621
2.09889
8.72368
1.60745
8.68116
1.10806
8.62994
0.603614
8.57129
0.0970479
8.5065
-0.408662
8.43687
-0.91053
8.36367
-1.40558
8.28815
-1.89085
8.21154
-2.36342
8.13503
-2.82045
8.05973
-3.25914
7.98672
-3.67682
7.91701
-4.0709
7.85153
-4.43893
7.79112
-4.7786
7.73654
-5.08775
7.68847
-5.36438
7.64745
-5.6067
7.61396
-5.81309
7.58834
-5.98213
7.57084
-6.11265
7.56159
-6.20365
7.56061
-6.2544
7.56781
-6.26439
7.58297
-6.23335
7.60578
-6.16124
7.63582
-6.0483
7.67255
-5.89497
7.71534
-5.70196
7.76347
-5.47021
7.81613
-5.20089
7.87241
-4.89543
7.93135
-4.55543
7.9919
-4.18275
8.05297
-3.77943
8.11341
-3.34771
8.17203
-2.89001
8.22762
-2.40892
8.27893
-1.90716
8.32471
-1.38762
8.36373
-0.853292
8.39474
-0.307261
8.41654
0.247289
8.42795
0.807115
8.42782
1.36892
8.41508
1.9294
8.38871
2.48523
8.34776
3.03308
8.29136
3.5697
8.21875
4.09185
8.12924
4.59638
8.02226
5.08025
7.89735
5.54049
7.75415
5.97429
7.59245
6.37899
7.41214
6.75208
7.21323
7.09123
6.99589
7.39431
6.76039
7.65939
6.50713
7.88477
6.23665
8.06899
5.94961
8.2108
5.64678
8.30924
5.32907
8.36357
4.99747
8.37334
4.6531
8.33834
4.29717
8.25866
3.93097
8.13462
3.55588
7.96684
3.17337
7.75618
2.78493
7.50378
2.39214
7.21101
1.99661
6.87951
1.59996
6.51114
1.20385
6.10798
0.809943
5.67234
0.419887
5.20672
0.0353175
4.71381
-0.34216
4.19647
-0.710981
3.6577
-1.06964
3.10064
-1.41667
2.52855
-1.75072
1.94478
-2.0705
1.35277
-2.37479
0.755978
-2.66251
0.157932
-2.93268
-0.437845
-3.18441
-1.02784
-3.41696
-1.60856
-3.62972
-2.17659
-3.82218
-2.72856
-3.99398
-3.26121
-4.14491
-3.77138
-4.27488
-4.25607
-4.38394
-4.7124
-4.47226
-5.13768
-4.54015
-5.5294
-4.58806
-5.88524
-4.61654
-6.20312
-4.62628
-6.48115
-4.61805
-6.71772
-4.59275
-6.91143
-4.55135
-7.06116
-4.49491
-7.16604
-4.42458
-7.22548
-4.34154
-7.23914
-4.24705
-7.20697
-4.1424
-7.12919
-4.02889
-7.00626
-3.90787
-6.83895
-3.78065
-6.62826
-3.64857
-6.37544
-3.51292
-6.08199
-3.37496
-5.74966
-3.23591
-5.38039
-3.09693
-4.97636
-2.95912
-4.53991
-2.82349
-4.07359
-2.69096
-3.58009
-2.56236
-3.06225
-2.43841
-2.52304
-2.31972
-1.96552
-2.2068
-1.39284
-2.10001
-0.808243
-1.99961
-0.214975
-1.90571
0.383671
-1.81832
0.984408
-1.7373
1.58396
-1.66238
2.17911
-1.5932
2.76668
-1.52924
3.34357
-1.4699
3.9068
-1.41445
4.4535
-1.36207
4.98093
-1.31185
5.4865
-1.26279
5.9678
-1.21384
6.42258
-1.16387
6.84882
-1.11172
7.24467
-1.05617
7.60853
-0.99601
7.93899
-0.930009
8.23491
-0.856945
8.49536
-0.775619
8.71966
-0.68487
8.90738
-0.583586
9.05834
-0.47072
9.17259
-0.345305
9.25043
-0.206466
9.29238
-0.0534309
9.29922
0.114454
9.27192
0.297716
9.21169
0.496743
9.11994
0.711778
8.99825
0.942907
8.8484
1.19006
8.67232
1.45299
8.47212
1.73129
8.24999
2.02438
8.00829
2.3315
7.74944
2.65171
7.47596
2.98393
7.19041
3.32687
6.89543
3.67911
6.59365
4.03907
6.28772
4.40502
5.98025
4.77508
5.67386
5.14727
5.37109
5.51948
5.0744
5.88951
4.78619
6.25508
4.50873
6.61382
4.2442
6.96335
3.99461
7.30122
3.76186
7.62498
3.54765
7.9322
3.35354
8.22045
3.18089
8.48735
3.03088
8.7306
2.9045
8.94798
2.8025
9.13735
2.72548
9.29673
2.67377
9.42424
2.64754
9.51819
2.64672
9.57704
2.67103
9.59947
2.72002
9.58434
2.79299
9.53073
2.88909
9.43797
3.00725
9.3056
3.14625
9.13343
3.3047
8.92152
3.48103
8.67018
3.67356
8.38001
3.88047
8.05183
4.0998
7.68677
4.32954
7.28619
4.56755
6.8517
4.81164
6.38518
5.05958
5.88874
5.30909
5.36471
5.55788
4.81563
5.80365
4.24427
6.04412
3.65356
6.27706
3.04658
6.50027
2.4266
6.71161
1.79699
6.90904
1.16122
7.09061
0.522847
7.25446
-0.114505
7.39887
-0.747191
7.52224
-1.37155
7.62314
-1.98395
7.70026
-2.58078
7.75246
-3.15851
7.7788
-3.71371
7.77847
-4.24307
7.75087
-4.74339
7.69557
-5.21167
7.61233
-5.64509
7.50109
-6.04102
7.36198
-6.39707
7.19531
-6.71111
7.00157
-6.98124
6.78142
-7.20588
6.53568
-7.3837
6.26536
-7.5137
5.97159
-7.59517
5.65565
-7.62772
5.31897
-7.6113
4.96309
-7.54615
4.58965
-7.43285
4.2004
-7.27231
3.79717
-7.06573
3.38187
-6.81463
2.95644
-6.52084
2.52288
-6.18644
2.08322
-5.81382
1.6395
-5.40559
1.19375
-4.96463
0.748002
-4.49401
0.304237
-3.99702
-0.135592
-3.47712
-0.569592
-2.93789
-0.995938
-2.38309
-1.41288
-1.81653
-1.81877
-1.24211
-2.21206
-0.66378
-2.59128
-0.0855062
-2.95513
0.48876
-3.30239
1.0551
-3.63199
1.60967
-3.943
2.14871
-4.23462
2.66858
-4.50619
3.16577
-4.7572
3.63697
-4.98729
4.07903
-5.19622
4.48902
-5.3839
4.86424
-5.55039
5.20225
-5.69588
5.50086
-5.82066
5.75816
-5.92518
5.97255
-6.00998
6.1427
-6.07572
6.26762
-6.12314
6.3466
-6.15308
6.37926
-6.16647
6.36556
-6.16428
6.30573
-6.14757
6.20034
-6.11742
6.05025
-6.07495
5.85661
-6.02132
5.62087
-5.95769
5.34473
-5.88521
5.03015
-5.80505
4.67933
-5.71832
4.29469
-5.62613
3.87884
-5.52954
3.43457
-5.42956
2.96483
-5.32714
2.47269
-5.22315
1.96133
-5.11842
1.43402
-5.01366
0.894068
-4.90953
0.344822
-4.80656
-0.21037
-4.70523
-0.768179
-4.60588
-1.32533
-4.5088
-1.8786
-4.41414
-2.42488
-4.32197
-2.96118
-4.23227
-3.48463
-4.14491
-3.99254
-4.05968
-4.48237
-3.9763
-4.9518
-3.89437
-5.39871
-3.81346
-5.82119
-3.73305
-6.21757
-3.65256
-6.58644
-3.57137
-6.92662
-3.48882
-7.23718
-3.4042
-7.51746
-3.31679
-7.76706
-3.22587
-7.98581
-3.13071
-8.17381
-3.03057
-8.33141
-2.92475
-8.4592
-2.81259
-8.55798
-2.69345
-8.62877
-2.56675
-8.6728
-2.43196
-8.69149
-2.28864
-8.68642
-2.1364
-8.65933
-1.97496
-8.61209
-1.80413
-8.54669
-1.6238
-8.46521
-1.43398
-8.3698
-1.23481
-8.26266
-1.02649
-8.14603
-0.809398
-8.02214
-0.583984
-7.89321
-0.350836
-7.76143
-0.110657
-7.62893
0.135734
-7.49777
0.387406
-7.3699
0.643316
-7.24717
0.902318
-7.13128
1.16317
-7.02381
1.42453
-6.92616
1.68499
-6.83956
1.94305
-6.76508
2.19716
-6.70356
2.44569
-6.65568
2.68701
-6.6219
2.91942
-6.60247
3.14122
-6.59744
3.35071
-6.60666
3.54618
-6.62978
3.72596
-6.66623
3.88841
-6.71527
4.03193
-6.77598
4.155
-6.84727
4.25616
-6.92788
4.33404
-7.01641
4.38739
-7.11133
4.41506
-7.211
4.41602
-7.31367
4.38939
-7.41754
4.33443
-7.52072
4.25056
-7.6213
4.13736
-7.71733
3.99457
-7.80689
3.82215
-7.88804
3.62018
-7.95891
3.38897
-8.01768
3.12901
-8.06262
2.84096
-8.09207
2.52569
-8.10451
2.18425
-8.09852
1.81786
-8.07287
1.42794
-8.02645
1.01607
-7.95834
0.584001
-7.8678
0.133633
-7.75427
-0.332977
-7.61741
-0.813638
-7.45706
-1.30603
-7.27328
-1.80773
-7.06635
-2.31621
-6.83673
-2.82886
-6.58512
-3.34299
-6.3124
-3.85587
-6.01965
-4.36474
-5.70814
-4.86681
-5.37932
-5.35929
-5.03482
-5.83941
-4.67639
-6.30443
-4.30596
-6.75167
-3.92554
-7.1785
-3.53729
-7.58239
-3.14344
-7.96092
-2.74628
-8.31178
-2.34815
-8.63277
-1.95145
-8.92189
-1.55856
-9.17726
-1.17185
-9.39719
-0.79366
-9.58018
-0.426287
-9.72493
-0.0719425
-9.83033
0.267251
-9.8955
0.589284
-9.91978
0.892278
-9.90274
1.1745
-9.84418
1.43439
-9.74412
1.67054
-9.60283
1.88177
-9.42082
2.06707
-9.1988
2.22566
-8.93774
2.35697
-8.63881
2.46066
-8.30342
2.53662
-7.93317
2.58495
-7.52985
2.60602
-7.09547
2.60039
-6.63218
2.56887
-6.14232
2.51248
-5.62836
2.43245
-5.09293
2.33021
-4.53874
2.20737
-3.96862
2.06574
-3.38551
1.90727
-2.79237
1.73406
-2.19225
1.54833
-1.5882
1.35243
-0.983294
1.14877
-0.380604
0.939849
0.21683
0.728208
0.806008
0.516408
1.38399
0.307018
1.94793
0.102588
2.49504
-0.0943721
3.02268
-0.281415
3.52832
-0.456173
4.00957
-0.616384
4.4642
-0.759905
4.89013
-0.884736
5.28547
-0.989031
5.64852
-1.07112
5.97777
-1.12952
6.2719
-1.16294
6.5298
-1.17032
6.75059
-1.15079
6.9336
-1.10374
7.07835
-1.02877
7.1846
-0.925712
7.25233
-0.794655
7.28171
-0.63591
7.27313
-0.450023
7.22718
-0.237768
7.14465
-0.000142012
7.02651
0.261649
6.87392
0.546196
6.68818
0.8519
6.47079
1.17699
6.22336
1.51953
5.94764
1.87746
5.64552
2.24856
5.31896
2.63054
4.97004
3.02101
4.6009
3.41752
4.21375
3.81757
3.81083
4.21863
3.39443
4.61821
2.96683
5.0138
2.53033
5.40295
2.08722
5.78327
1.63973
6.15247
1.19009
6.50834
0.740428
6.84883
0.292838
7.17198
-0.150679
7.47603
-0.588213
7.75938
-1.01795
8.02059
-1.4382
8.25846
-1.84736
8.47196
-2.24399
8.66029
-2.62675
8.82286
-2.99445
8.95931
-3.34602
9.06951
-3.68056
9.15353
-3.99728
9.21169
-4.29556
9.24452
-4.57488
9.25275
-4.83489
9.23732
-5.07538
9.19937
-5.29623
9.14021
-5.49749
9.06132
-5.6793
8.96434
-5.84191
8.85104
-5.98569
8.72331
-6.11109
8.58314
-6.21866
8.43259
-6.30902
8.27379
-6.38285
8.10892
-6.44089
7.94015
-6.48394
7.76967
-6.51281
7.59963
-6.52836
7.43215
-6.53145
7.26927
-6.52296
7.11294
-6.50375
6.96502
-6.47466
6.82724
-6.43653
6.70117
-6.39015
6.58826
-6.33627
6.48976
-6.2756
6.40675
-6.2088
6.34011
-6.13645
6.29052
-6.05909
6.25844
-5.97717
6.24415
-5.89108
6.24766
-5.80113
6.2688
-5.70756
6.30716
-5.61052
6.36213
-5.51012
6.43289
-5.40634
6.5184
-5.29915
6.61745
-5.18839
6.72863
-5.0739
6.85037
-4.9554
6.98095
-4.83261
7.1185
-4.70516
7.26103
-4.57267
7.40647
-4.43471
7.55265
-4.29084
7.69733
-4.14059
7.83825
-3.9835
7.97313
-3.81909
8.09968
-3.64692
8.21566
-3.46655
8.31887
-3.27758
8.40716
-3.07964
8.47851
-2.87242
8.531
-2.65566
8.56284
-2.42916
8.5724
-2.19282
8.55822
-1.94659
8.51901
-1.6905
8.45372
-1.42472
8.36149
-1.14946
8.24168
-0.865078
8.0939
-0.572004
7.918
-0.270792
7.71407
0.0378995
7.48247
0.353303
7.22377
0.674544
6.93884
1.00064
6.62875
1.33051
6.29483
1.66296
5.93865
1.99671
5.56197
2.3304
5.16678
2.66257
4.75526
2.99171
4.32974
3.3162
3.89275
3.63442
3.44692
3.94465
2.99502
4.24517
2.5399
4.53423
2.08448
4.81006
1.63174
5.07089
1.18467
5.31497
0.746266
5.54058
0.319482
5.74601
-0.0927727
5.92965
-0.48767
6.08991
-0.862489
6.22532
-1.21463
6.33446
-1.54166
6.41604
-1.8413
6.46889
-2.11147
6.49194
-2.35032
6.48429
-2.5562
6.44516
-2.72774
6.37394
-2.86381
6.27017
-2.96356
6.13359
-3.02641
5.96408
-3.05208
5.76174
-3.04057
5.52681
-2.9922
5.25977
-2.90757
4.96124
-2.78757
4.63206
-2.63337
4.27325
-2.44645
3.886
-2.22854
3.4717
-1.98163
3.0319
-1.70796
2.56832
-1.40998
2.08285
-1.09039
1.57752
-0.752029
1.05449
-0.39794
0.516081
-0.031297
-0.0353046
0.344606
-0.597144
0.726381
-1.16683
1.11057
-1.74168
1.49368
-2.31896
1.8722
-2.89588
2.24264
-3.46965
2.60155
-4.03745
2.94556
-4.59648
3.27137
-5.14397
3.57584
-5.67718
3.85595
-6.19345
4.10888
-6.69019
4.332
-7.16491
4.52287
-7.61521
4.67932
-8.03885
4.79942
-8.43372
4.88152
-8.79785
4.92424
-9.12946
4.92651
-9.42694
4.88756
-9.68887
4.80691
-9.91404
4.68442
-10.1014
4.52025
-10.2503
4.31487
-10.36
4.06907
-10.4303
3.78394
-10.461
3.46086
-10.4522
3.10148
-10.4044
2.70774
-10.318
2.28182
-10.1939
1.82614
-10.0331
1.34332
-9.83691
0.836197
-9.60671
0.307759
-9.34416
-0.238853
-9.05111
-0.800375
-8.72956
-1.37345
-8.38169
-1.95466
-8.00983
-2.54054
-7.61643
-3.12762
-7.20407
-3.71243
-6.77545
-4.29155
-6.33333
-4.86165
-5.88054
-5.41946
-5.41997
-5.96186
-4.95455
-6.48586
-4.48719
-6.98863
-4.02083
-7.46756
-3.55837
-7.92021
-3.10266
-8.34439
-2.6565
-8.73814
-2.22261
-9.09975
-1.8036
-9.4278
-1.40199
-9.7211
-1.02014
-9.97879
-0.66031
-10.2003
-0.324562
-10.3852
-0.0148094
-10.5335
0.26722
-10.6455
0.51999
-10.7217
0.742165
-10.7629
0.93262
-10.77
1.09044
-10.7445
1.21493
-10.6877
1.30562
-10.6015
1.36227
-10.4876
1.38485
-10.3482
1.37356
-10.1855
1.32881
-10.0018
1.25126
-9.7996
1.14173
-9.58139
1.00129
-9.34976
0.831163
-9.10729
0.632792
-8.85658
0.407774
-8.60022
0.157871
-8.34072
-0.115004
-8.08054
-0.408805
-7.82202
-0.721366
-7.5674
-1.05042
-7.31877
-1.3936
-7.07807
-1.74848
-6.84704
-2.11259
-6.62724
-2.48339
-6.42003
-2.85835
-6.22654
-3.23493
-6.04766
-3.6106
-5.88406
-3.98287
-5.73615
-4.34929
-5.60412
-4.7075
-5.48788
-5.05518
-5.38713
-5.39015
-5.30131
-5.7103
-5.22964
-6.01369
-5.17111
-6.29847
-5.12451
-6.56298
-5.08843
-6.80569
-5.06126
-7.02523
-5.04126
-7.22045
-5.02653
-7.39033
-5.01505
-7.53406
-5.0047
-7.65103
-4.99328
-7.7408
-4.97855
-7.80314
-4.95825
-7.83801
-4.93008
-7.84556
-4.89182
-7.82612
-4.84126
-7.78022
-4.77628
-7.70856
-4.69487
-7.61201
-4.59514
-7.49161
-4.47535
-7.34854
-4.33394
-7.18413
-4.16952
-6.99986
-3.98095
-6.7973
-3.76728
-6.57815
-3.52783
-6.34419
-3.26217
-6.0973
-2.97014
-5.8394
-2.65187
-5.57247
-2.30775
-5.29853
-1.93848
-5.01963
-1.54503
-4.73779
-1.12867
-4.45506
-0.69094
-4.17344
-0.233664
-3.8949
0.241073
-3.62135
0.730936
-3.35464
1.23335
-3.09652
1.74552
-2.84867
2.26446
-2.61266
2.787
-2.38993
3.3098
-2.1818
3.82942
-1.98947
4.3423
-1.81398
4.8448
-1.65623
5.33325
-1.51696
5.80397
-1.39677
6.25327
-1.29606
6.67754
-1.21511
7.07322
-1.154
7.43688
-1.11267
7.76523
-1.0909
8.05513
-1.08828
8.30365
-1.10428
8.50811
-1.13821
8.66605
-1.18923
8.77529
-1.25636
8.83397
-1.33852
8.84054
-1.43447
8.79378
-1.54289
8.69283
-1.66237
8.5372
-1.79138
8.32676
-1.92834
8.06177
-2.0716
7.74289
-2.21947
7.37116
-2.37021
6.94799
-2.52205
6.47518
-2.67324
5.95492
-2.822
5.38973
-2.96659
4.78249
-3.10527
4.13642
-3.23637
3.45503
-3.35827
2.74213
-3.46939
2.00178
-3.56826
1.23828
-3.65346
0.456128
-3.72369
-0.339987
-3.77776
-1.14525
-3.81458
-1.95474
-3.83317
-2.76347
-3.8327
-3.5664
-3.81246
-4.3585
-3.77187
-5.1348
-3.71051
-5.89036
-3.62807
-6.62041
-3.52441
-7.32028
-3.39952
-7.9855
-3.25353
-8.61183
-3.08672
-9.19526
-2.89949
-9.73208
-2.69238
-10.2189
-2.46608
-10.6525
-2.22136
-11.0304
-1.95914
-11.3501
-1.68043
-11.6097
-1.38635
-11.8077
-1.07811
-11.9429
-0.75699
-12.0148
-0.424357
-12.0231
-0.0816358
-11.9681
0.269697
-11.8503
0.628125
-11.671
0.992098
-11.4317
1.36005
-11.1343
1.7304
-10.7813
2.10159
-10.3755
2.47203
-9.91985
2.84021
-9.41801
3.20461
-8.87376
3.56377
-8.29122
3.91629
-7.67478
4.2608
-7.02905
4.59604
-6.35886
4.9208
-5.66917
5.23396
-4.96511
5.53448
-4.25188
5.82142
-3.53471
6.09395
-2.81888
6.35132
-2.10962
6.59291
-1.41211
6.81817
-0.7314
7.02669
-0.0724302
7.21816
0.560053
7.39236
1.16151
7.54919
1.72765
7.68864
2.25444
7.81082
2.73819
7.9159
3.1755
8.00418
3.56335
8.07602
3.89909
8.13185
4.18048
8.1722
4.40566
8.19764
4.57323
8.20882
4.68219
8.20643
4.73201
8.19119
4.72258
8.16386
4.65423
8.12525
4.52774
8.07616
4.34431
8.01741
4.10556
7.94981
3.81351
7.87418
3.47057
7.7913
3.07953
7.70196
2.6435
7.6069
2.16593
7.50682
1.65057
7.40239
1.1014
7.29422
0.522683
7.18287
-0.081163
7.06884
-0.705529
6.95258
-1.34568
6.83445
-1.99679
6.71477
-2.65396
6.59376
-3.31229
6.4716
-3.96688
6.34839
-4.61289
6.22413
-5.24554
6.0988
-5.86022
5.97227
-6.45242
5.84437
-7.01787
5.71487
-7.55247
5.58346
-8.0524
5.44981
-8.5141
5.31351
-8.93432
5.17414
-9.3101
5.03123
-9.63886
4.88427
-9.91836
4.73275
-10.1467
4.57614
-10.3224
4.4139
-10.4444
4.24549
-10.512
4.07039
-10.5248
3.88808
-10.4829
3.6981
-10.3869
3.49997
-10.2376
3.29331
-10.0362
3.07774
-9.78436
2.85296
-9.48402
2.61873
-9.13746
2.37486
-8.74728
2.12127
-8.31639
1.85793
-7.84792
1.58488
-7.34528
1.3023
-6.81208
1.0104
-6.25212
0.709517
-5.66933
0.40008
-5.0678
0.0826046
-4.4517
-0.242295
-3.82526
-0.57391
-3.19275
-0.911441
-2.55842
-1.254
-1.92652
-1.6006
-1.30122
-1.95018
-0.6866
-2.30161
-0.0866245
-2.65368
0.494886
-3.00509
1.05429
-3.35452
1.58812
-3.70058
2.09316
-4.04182
2.56642
-4.37678
3.00514
-4.70396
3.40687
-5.02185
3.76942
-5.32892
4.09093
-5.62365
4.36982
-5.90455
4.60482
-6.17012
4.79501
-6.41891
4.93976
-6.64953
5.03877
-6.86061
5.09208
-7.05086
5.1
-7.21908
5.06318
-7.36412
4.98255
-7.48494
4.85933
-7.5806
4.69501
-7.65027
4.49132
-7.69321
4.25025
-7.70884
3.97401
-7.69667
3.66499
-7.65637
3.32578
-7.58772
2.95913
-7.49065
2.56792
-7.36525
2.15514
-7.21171
1.72387
-7.03041
1.27728
-6.82183
0.818562
-6.58662
0.350935
-6.32556
-0.122378
-6.03956
-0.598183
-5.72967
-1.07333
-5.39705
-1.54472
-5.04299
-2.00937
-4.6689
-2.46436
-4.27628
-2.90694
-3.86673
-3.33444
-3.44196
-3.74439
-3.00371
-4.13446
-2.55383
-4.5025
-2.09422
-4.84654
-1.6268
-5.16483
-1.15354
-5.45578
-0.676453
-5.71804
-0.197524
-5.95045
0.281242
-6.15208
0.75786
-6.32218
1.23037
-6.46024
1.69685
-6.56595
2.15543
-6.63919
2.6043
-6.68005
3.04173
-6.6888
3.46605
-6.6659
3.87571
-6.61199
4.26924
-6.52786
4.64531
-6.41445
5.00266
-6.27287
5.34021
-6.10432
5.65697
-5.91016
5.95212
-5.69183
6.22495
-5.45087
6.47491
-5.18889
6.7016
-4.90759
6.90477
-4.6087
7.08431
-4.294
7.24026
-3.96532
7.37281
-3.62449
7.48231
-3.27333
7.56921
-2.91371
7.63413
-2.54742
7.67782
-2.17629
7.70113
-1.80209
7.70504
-1.42654
7.69065
-1.05133
7.65914
-0.678107
7.61179
-0.308445
7.54996
0.0561357
7.47508
0.414184
7.38863
0.764314
7.29214
1.10521
7.18718
1.43564
7.07534
1.75443
6.95823
2.06049
6.83743
2.3528
6.71455
2.63041
6.59113
2.89246
6.4687
3.13815
6.34873
3.36673
6.23265
3.57756
6.12179
3.77004
6.01741
3.94363
5.9207
4.09787
5.83272
4.23235
5.75445
4.34672
5.68673
4.44069
5.63031
4.51402
5.58578
4.56653
5.55363
4.59809
5.53421
4.60861
5.52771
4.59809
5.53421
4.56653
5.55363
4.51402
5.58578
4.44069
5.63031
4.34672
5.68673
4.23235
5.75445
4.09787
5.83272
3.94363
5.9207
3.77004
6.01741
3.57756
6.12179
3.36673
6.23265
3.13815
6.34873
2.89246
6.4687
2.63041
6.59113
2.3528
6.71455
2.06049
6.83743
1.75443
6.95823
1.43564
7.07534
1.10521
7.18718
0.764314
7.29214
0.414184
7.38863
0.0561357
7.47508
-0.308445
7.54996
-0.678107
7.61179
-1.05133
7.65914
-1.42654
7.69065
-1.80209
7.70504
-2.17629
7.70113
-2.54742
7.67782
-2.91371
7.63413
-3.27333
7.56921
-3.62449
7.48231
-3.96532
7.37281
-4.294
7.24026
-4.6087
7.08431
-4.90759
6.90477
-5.18889
6.7016
-5.45087
6.47491
-5.69183
6.22495
-5.91016
5.95212
-6.10432
5.65697
-6.27287
5.34021
-6.41445
5.00266
-6.52786
4.64531
-6.61199
4.26924
-6.6659
3.87571
-6.6888
3.46605
-6.68005
3.04173
-6.63919
2.6043
-6.56595
2.15543
-6.46024
1.69685
-6.32218
1.23037
-6.15208
0.75786
-5.95045
0.281242
-5.71804
-0.197524
-5.45578
-0.676453
-5.16483
-1.15354
-4.84654
-1.6268
-4.5025
-2.09422
-4.13446
-2.55383
-3.74439
-3.00371
-3.33444
-3.44196
-2.90694
-3.86673
-2.46436
-4.27628
-2.00937
-4.6689
-1.54472
-5.04299
-1.07333
-5.39705
-0.598183
-5.72967
-0.122378
-6.03956
0.350935
-6.32556
0.818562
-6.58662
1.27728
-6.82183
1.72387
-7.03041
2.15514
-7.21171
2.56792
-7.36525
2.95913
-7.49065
3.32578
-7.58772
3.66499
-7.65637
3.97401
-7.69667
4.25025
-7.70884
4.49132
-7.69321
4.69501
-7.65027
4.85933
-7.5806
4.98255
-7.48494
5.06318
-7.36412
5.1
-7.21908
5.09208
-7.05086
5.03877
-6.86061
4.93976
-6.64953
4.79501
-6.41891
4.60482
-6.17012
4.36982
-5.90455
4.09093
-5.62365
3.76942
-5.32892
3.40687
-5.02185
3.00514
-4.70396
2.56642
-4.37678
2.09316
-4.04182
1.58812
-3.70058
1.05429
-3.35452
0.494886
-3.00509
-0.0866245
-2.65368
-0.6866
-2.30161
-1.30122
-1.95018
-1.92652
-1.6006
-2.55842
-1.254
-3.19275
-0.911441
-3.82526
-0.57391
-4.4517
-0.242295
-5.0678
0.0826046
-5.66933
0.40008
-6.25212
0.709517
-6.81208
1.0104
-7.34528
1.3023
-7.84792
1.58488
-8.31639
1.85793
-8.74728
2.12127
-9.13746
2.37486
-9.48402
2.61873
-9.78436
2.85296
-10.0362
3.07774
-10.2376
3.29331
-10.3869
3.49997
-10.4829
3.6981
-10.5248
3.88808
-10.512
4.07039
-10.4444
4.24549
-10.3224
4.4139
-10.1467
4.57614
-9.91836
4.73275
-9.63886
4.88427
-9.3101
5.03123
-8.93432
5.17414
-8.5141
5.31351
-8.0524
5.44981
-7.55247
5.58346
-7.01787
5.71487
-6.45242
5.84437
-5.86022
5.97227
-5.24554
6.0988
-4.61289
6.22413
-3.96688
6.34839
-3.31229
6.4716
-2.65396
6.59376
-1.99679
6.71477
-1.34568
6.83445
-0.705529
6.95258
-0.081163
7.06884
0.522683
7.18287
1.1014
7.29422
1.65057
7.40239
2.16593
7.50682
2.6435
7.6069
3.07953
7.70196
3.47057
7.7913
3.81351
7.87418
4.10556
7.94981
4.34431
8.01741
4.52774
8.07616
4.65423
8.12525
4.72258
8.16386
4.73201
8.19119
4.68219
8.20643
4.57323
8.20882
4.40566
8.19764
4.18048
8.1722
3.89909
8.13185
3.56335
8.07602
3.1755
8.00418
2.73819
7.9159
2.25444
7.81082
1.72765
7.68864
1.16151
7.54919
0.560053
7.39236
-0.0724302
7.21816
-0.7314
7.02669
-1.41211
6.81817
-2.10962
6.59291
-2.81888
6.35132
-3.53471
6.09395
-4.25188
5.82142
-4.96511
5.53448
-5.66917
5.23396
-6.35886
4.9208
-7.02905
4.59604
-7.67478
4.2608
-8.29122
3.91629
-8.87376
3.56377
-9.41801
3.20461
-9.91985
2.84021
-10.3755
2.47203
-10.7813
2.10159
-11.1343
1.7304
-11.4317
1.36005
-11.671
0.992098
-11.8503
0.628125
-11.9681
0.269697
-12.0231
-0.0816358
-12.0148
-0.424357
-11.9429
-0.75699
-11.8077
-1.07811
-11.6097
-1.38635
-11.3501
-1.68043
-11.0304
-1.95914
-10.6525
-2.22136
-10.2189
-2.46608
-9.73208
-2.69238
-9.19526
-2.89949
-8.61183
-3.08672
-7.9855
-3.25353
-7.32028
-3.39952
-6.62041
-3.52441
-5.89036
-3.62807
-5.1348
-3.71051
-4.3585
-3.77187
-3.5664
-3.81246
-2.76347
-3.8327
-1.95474
-3.83317
-1.14525
-3.81458
-0.339987
-3.77776
0.456128
-3.72369
1.23828
-3.65346
2.00178
-3.56826
2.74213
-3.46939
3.45503
-3.35827
4.13642
-3.23637
4.78249
-3.10527
5.38973
-2.96659
5.95492
-2.822
6.47518
-2.67324
6.94799
-2.52205
7.37116
-2.37021
7.74289
-2.21947
8.06177
-2.0716
8.32676
-1.92834
8.5372
-1.79138
8.69283
-1.66237
8.79378
-1.54289
8.84054
-1.43447
8.83397
-1.33852
8.77529
-1.25636
8.66605
-1.18923
8.50811
-1.13821
8.30365
-1.10428
8.05513
-1.08828
7.76523
-1.0909
7.43688
-1.11267
7.07322
-1.154
6.67754
-1.21511
6.25327
-1.29606
5.80397
-1.39677
5.33325
-1.51696
4.8448
-1.65623
4.3423
-1.81398
3.82942
-1.98947
3.3098
-2.1818
2.787
-2.38993
2.26446
-2.61266
1.74552
-2.84867
1.23335
-3.09652
0.730936
-3.35464
0.241073
-3.62135
-0.233664
-3.8949
-0.69094
-4.17344
-1.12867
-4.45506
-1.54503
-4.73779
-1.93848
-5.01963
-2.30775
-5.29853
-2.65187
-5.57247
-2.97014
-5.8394
-3.26217
-6.0973
-3.52783
-6.34419
-3.76728
-6.57815
-3.98095
-6.7973
-4.16952
-6.99986
-4.33394
-7.18413
-4.47535
-7.34854
-4.59514
-7.49161
-4.69487
-7.61201
-4.77628
-7.70856
-4.84126
-7.78022
-4.89182
-7.82612
-4.93008
-7.84556
-4.95825
-7.83801
-4.97855
-7.80314
-4.99328
-7.7408
-5.0047
-7.65103
-5.01505
-7.53406
-5.02653
-7.39033
-5.04126
-7.22045
-5.06126
-7.02523
-5.08843
-6.80569
-5.12451
-6.56298
-5.17111
-6.29847
-5.22964
-6.01369
-5.30131
-5.7103
-5.38713
-5.39015
-5.48788
-5.05518
-5.60412
-4.7075
-5.73615
-4.34929
-5.88406
-3.98287
-6.04766
-3.6106
-6.22654
-3.23493
-6.42003
-2.85835
-6.62724
-2.48339
-6.84704
-2.11259
-7.07807
-1.74848
-7.31877
-1.3936
-7.5674
-1.05042
-7.82202
-0.721366
-8.08054
-0.408805
-8.34072
-0.115004
-8.60022
0.157871
-8.85658
0.407774
-9.10729
0.632792
-9.34976
0.831163
-9.58139
1.00129
-9.7996
1.14173
-10.0018
1.25126
-10.1855
1.32881
-10.3482
1.37356
-10.4876
1.38485
-10.6015
1.36227
-10.6877
1.30562
-10.7445
1.21493
-10.77
1.09044
-10.7629
0.93262
-10.7217
0.742165
-10.6455
0.51999
-10.5335
0.26722
-10.3852
-0.0148094
-10.2003
-0.324562
-9.97879
-0.66031
-9.7211
-1.02014
-9.4278
-1.40199
-9.09975
-1.8036
-8.73814
-2.22261
-8.34439
-2.6565
-7.92021
-3.10266
-7.46756
-3.55837
-6.98863
-4.02083
-6.48586
-4.48719
-5.96186
-4.95455
-5.41946
-5.41997
-4.86165
-5.88054
-4.29155
-6.33333
-3.71243
-6.77545
-3.12762
-7.20407
-2.54054
-7.61643
-1.95466
-8.00983
-1.37345
-8.38169
-0.800375
-8.72956
-0.238853
-9.05111
0.307759
-9.34416
0.836197
-9.60671
1.34332
-9.83691
1.82614
-10.0331
2.28182
-10.1939
2.70774
-10.318
3.10148
-10.4044
3.46086
-10.4522
3.78394
-10.461
4.06907
-10.4303
4.31487
-10.36
4.52025
-10.2503
4.68442
-10.1014
4.80691
-9.91404
4.88756
-9.68887
4.92651
-9.42694
4.92424
-9.12946
4.88152
-8.79785
4.79942
-8.43372
4.67932
-8.03885
4.52287
-7.61521
4.332
-7.16491
4.10888
-6.69019
3.85595
-6.19345
3.57584
-5.67718
3.27137
-5.14397
2.94556
-4.59648
2.60155
-4.03745
2.24264
-3.46965
1.8722
-2.89588
1.49368
-2.31896
1.11057
-1.74168
0.726381
-1.16683
0.344606
-0.597144
-0.031297
-0.0353046
-0.39794
0.516081
-0.752029
1.05449
-1.09039
1.57752
-1.40998
2.08285
-1.70796
2.56832
-1.98163
3.0319
-2.22854
3.4717
-2.44645
3.886
-2.63337
4.27325
-2.78757
4.63206
-2.90757
4.96124
-2.9922
5.25977
-3.04057
5.52681
-3.05208
5.76174
-3.02641
5.96408
-2.96356
6.13359
-2.86381
6.27017
-2.72774
6.37394
-2.5562
6.44516
-2.35032
6.48429
-2.11147
6.49194
-1.8413
6.46889
-1.54166
6.41604
-1.21463
6.33446
-0.862489
6.22532
-0.48767
6.08991
-0.0927727
5.92965
0.319482
5.74601
0.746266
5.54058
1.18467
5.31497
1.63174
5.07089
2.08448
4.81006
2.5399
4.53423
2.99502
4.24517
3.44692
3.94465
3.89275
3.63442
4.32974
3.3162
4.75526
2.99171
5.16678
2.66257
5.56197
2.3304
5.93865
1.99671
6.29483
1.66296
6.62875
1.33051
6.93884
1.00064
7.22377
0.674544
7.48247
0.353303
7.71407
0.0378995
7.918
-0.270792
8.0939
-0.572004
8.24168
-0.865078
8.36149
-1.14946
8.45372
-1.42472
8.51901
-1.6905
8.55822
-1.94659
8.5724
-2.19282
8.56284
-2.42916
8.531
-2.65566
8.47851
-2.87242
8.40716
-3.07964
8.31887
-3.27758
8.21566
-3.46655
8.09968
-3.64692
7.97313
-3.81909
7.83825
-3.9835
7.69733
-4.14059
7.55265
-4.29084
7.40647
-4.43471
7.26103
-4.57267
7.1185
-4.70516
6.98095
-4.83261
6.85037
-4.9554
6.72863
-5.0739
6.61745
-5.18839
6.5184
-5.29915
6.43289
-5.40634
6.36213
-5.51012
6.30716
-5.61052
6.2688
-5.70756
6.24766
-5.80113
6.24415
-5.89108
6.25844
-5.97717
6.29052
-6.05909
6.34011
-6.13645
6.40675
-6.2088
6.48976
-6.2756
6.58826
-6.33627
6.70117
-6.39015
6.82724
-6.43653
6.96502
-6.47466
7.11294
-6.50375
7.26927
-6.52296
7.43215
-6.53145
7.59963
-6.52836
7.76967
-6.51281
7.94015
-6.48394
8.10892
-6.44089
8.27379
-6.38285
8.43259
-6.30902
8.58314
-6.21866
8.72331
-6.11109
8.85104
-5.98569
8.96434
-5.84191
9.06132
-5.6793
9.14021
-5.49749
9.19937
-5.29623
9.23732
-5.07538
9.25275
-4.83489
9.24452
-4.57488
9.21169
-4.29556
9.15353
-3.99728
9.06951
-3.68056
8.95931
-3.34602
8.82286
-2.99445
8.66029
-2.62675
8.47196
-2.24399
8.25846
-1.84736
8.02059
-1.4382
7.75938
-1.01795
7.47603
-0.588213
7.17198
-0.150679
6.84883
0.292838
6.50834
0.740428
6.15247
1.19009
5.78327
1.63973
5.40295
2.08722
5.0138
2.53033
4.61821
2.96683
4.21863
3.39443
3.81757
3.81083
3.41752
4.21375
3.02101
4.6009
2.63054
4.97004
2.24856
5.31896
1.87746
5.64552
1.51953
5.94764
1.17699
6.22336
0.8519
6.47079
0.546196
6.68818
0.261649
6.87392
-0.000142012
7.02651
-0.237768
7.14465
-0.450023
7.22718
-0.63591
7.27313
-0.794655
7.28171
-0.925712
7.25233
-1.02877
7.1846
-1.10374
7.07835
-1.15079
6.9336
-1.17032
6.75059
-1.16294
6.5298
-1.12952
6.2719
-1.07112
5.97777
-0.989031
5.64852
-0.884736
5.28547
-0.759905
4.89013
-0.616384
4.4642
-0.456173
4.00957
-0.281415
3.52832
-0.0943721
3.02268
0.102588
2.49504
0.307018
1.94793
0.516408
1.38399
0.728208
0.806008
0.939849
0.21683
1.14877
-0.380604
1.35243
-0.983294
1.54833
-1.5882
1.73406
-2.19225
1.90727
-2.79237
2.06574
-3.38551
2.20737
-3.96862
2.33021
-4.53874
2.43245
-5.09293
2.51248
-5.62836
2.56887
-6.14232
2.60039
-6.63218
2.60602
-7.09547
2.58495
-7.52985
2.53662
-7.93317
2.46066
-8.30342
2.35697
-8.63881
2.22566
-8.93774
2.06707
-9.1988
1.88177
-9.42082
1.67054
-9.60283
1.43439
-9.74412
1.1745
-9.84418
0.892278
-9.90274
0.589284
-9.91978
0.267251
-9.8955
-0.0719425
-9.83033
-0.426287
-9.72493
-0.79366
-9.58018
-1.17185
-9.39719
-1.55856
-9.17726
-1.95145
-8.92189
-2.34815
-8.63277
-2.74628
-8.31178
-3.14344
-7.96092
-3.53729
-7.58239
-3.92554
-7.1785
-4.30596
-6.75167
-4.67639
-6.30443
-5.03482
-5.83941
-5.37932
-5.35929
-5.70814
-4.86681
-6.01965
-4.36474
-6.3124
-3.85587
-6.58512
-3.34299
-6.83673
-2.82886
-7.06635
-2.31621
-7.27328
-1.80773
-7.45706
-1.30603
-7.61741
-0.813638
-7.75427
-0.332977
-7.8678
0.133633
-7.95834
0.584001
-8.02645
1.01607
-8.07287
1.42794
-8.09852
1.81786
-8.10451
2.18425
-8.09207
2.52569
-8.06262
2.84096
-8.01768
3.12901
-7.95891
3.38897
-7.88804
3.62018
-7.80689
3.82215
-7.71733
3.99457
-7.6213
4.13736
-7.52072
4.25056
-7.41754
4.33443
-7.31367
4.38939
-7.211
4.41602
-7.11133
4.41506
-7.01641
4.38739
-6.92788
4.33404
-6.84727
4.25616
-6.77598
4.155
-6.71527
4.03193
-6.66623
3.88841
-6.62978
3.72596
-6.60666
3.54618
-6.59744
3.35071
-6.60247
3.14122
-6.6219
2.91942
-6.65568
2.68701
-6.70356
2.44569
-6.76508
2.19716
-6.83956
1.94305
-6.92616
1.68499
-7.02381
1.42453
-7.13128
1.16317
-7.24717
0.902318
-7.3699
0.643316
-7.49777
0.387406
-7.62893
0.135734
-7.76143
-0.110657
-7.89321
-0.350836
-8.02214
-0.583984
-8.14603
-0.809398
-8.26266
-1.02649
-8.3698
-1.23481
-8.46521
-1.43398
-8.54669
-1.6238
-8.61209
-1.80413
-8.65933
-1.97496
-8.68642
-2.1364
-8.69149
-2.28864
-8.6728
-2.43196
-8.62877
-2.56675
-8.55798
-2.69345
-8.4592
-2.81259
-8.33141
-2.92475
-8.17381
-3.03057
-7.98581
-3.13071
-7.76706
-3.22587
-7.51746
-3.31679
-7.23718
-3.4042
-6.92662
-3.48882
-6.58644
-3.57137
-6.21757
-3.65256
-5.82119
-3.73305
-5.39871
-3.81346
-4.9518
-3.89437
-4.48237
-3.9763
-3.99254
-4.05968
-3.48463
-4.14491
-2.96118
-4.23227
-2.42488
-4.32197
-1.8786
-4.41414
-1.32533
-4.5088
-0.768179
-4.60588
-0.21037
-4.70523
0.344822
-4.80656
0.894068
-4.90953
1.43402
-5.01366
1.96133
-5.11842
2.47269
-5.22315
2.96483
-5.32714
3.43457
-5.42956
3.87884
-5.52954
4.29469
-5.62613
4.67933
-5.71832
5.03015
-5.80505
5.34473
-5.88521
5.62087
-5.95769
5.85661
-6.02132
6.05025
-6.07495
6.20034
-6.11742
6.30573
-6.14757
6.36556
-6.16428
6.37926
-6.16647
6.3466
-6.15308
6.26762
-6.12314
6.1427
-6.07572
5.97255
-6.00998
5.75816
-5.92518
5.50086
-5.82066
5.20225
-5.69588
4.86424
-5.55039
4.48902
-5.3839
4.07903
-5.19622
3.63697
-4.98729
3.16577
-4.7572
2.66858
-4.50619
2.14871
-4.23462
1.60967
-3.943
1.0551
-3.63199
0.48876
-3.30239
-0.0855062
-2.95513
-0.66378
-2.59128
-1.24211
-2.21206
-1.81653
-1.81877
-2.38309
-1.41288
-2.93789
-0.995938
-3.47712
-0.569592
-3.99702
-0.135592
-4.49401
0.304237
-4.96463
0.748002
-5.40559
1.19375
-5.81382
1.6395
-6.18644
2.08322
-6.52084
2.52288
-6.81463
2.95644
-7.06573
3.38187
-7.27231
3.79717
-7.43285
4.2004
-7.54615
4.58965
-7.6113
4.96309
-7.62772
5.31897
-7.59517
5.65565
-7.5137
5.97159
-7.3837
6.26536
-7.20588
6.53568
-6.98124
6.78142
-6.71111
7.00157
-6.39707
7.19531
-6.04102
7.36198
-5.64509
7.50109
-5.21167
7.61233
-4.74339
7.69557
-4.24307
7.75087
-3.71371
7.77847
-3.15851
7.7788
-2.58078
7.75246
-1.98395
7.70026
-1.37155
7.62314
-0.747191
7.52224
-0.114505
7.39887
0.522847
7.25446
1.16122
7.09061
1.79699
6.90904
2.4266
6.71161
3.04658
6.50027
3.65356
6.27706
4.24427
6.04412
4.81563
5.80365
5.36471
5.55788
5.88874
5.30909
6.38518
5.05958
6.8517
4.81164
7.28619
4.56755
7.68677
4.32954
8.05183
4.0998
8.38001
3.88047
8.67018
3.67356
8.92152
3.48103
9.13343
3.3047
9.3056
3.14625
9.43797
3.00725
9.53073
2.88909
9.58434
2.79299
9.59947
2.72002
9.57704
2.67103
9.51819
2.64672
9.42424
2.64754
9.29673
2.67377
9.13735
2.72548
8.94798
2.8025
8.7306
2.9045
8.48735
3.03088
8.22045
3.18089
7.9322
3.35354
7.62498
3.54765
7.30122
3.76186
6.96335
3.99461
6.61382
4.2442
6.25508
4.50873
5.88951
4.78619
5.51948
5.0744
5.14727
5.37109
4.77508
5.67386
4.40502
5.98025
4.03907
6.28772
3.67911
6.59365
3.32687
6.89543
2.98393
7.19041
2.65171
7.47596
2.3315
7.74944
2.02438
8.00829
1.73129
8.24999
1.45299
8.47212
1.19006
8.67232
0.942907
8.8484
0.711778
8.99825
0.496743
9.11994
0.297716
9.21169
0.114454
9.27192
-0.0534309
9.29922
-0.206466
9.29238
-0.345305
9.25043
-0.47072
9.17259
-0.583586
9.05834
-0.68487
8.90738
-0.775619
8.71966
-0.856945
8.49536
-0.930009
8.23491
-0.99601
7.93899
-1.05617
7.60853
-1.11172
7.24467
-1.16387
6.84882
-1.21384
6.42258
-1.26279
5.9678
-1.31185
5.4865
-1.36207
4.98093
-1.41445
4.4535
-1.4699
3.9068
-1.52924
3.34357
-1.5932
2.76668
-1.66238
2.17911
-1.7373
1.58396
-1.81832
0.984408
-1.90571
0.383671
-1.99961
-0.214975
-2.10001
-0.808243
-2.2068
-1.39284
-2.31972
-1.96552
-2.43841
-2.52304
-2.56236
-3.06225
-2.69096
-3.58009
-2.82349
-4.07359
-2.95912
-4.53991
-3.09693
-4.97636
-3.23591
-5.38039
-3.37496
-5.74966
-3.51292
-6.08199
-3.64857
-6.37544
-3.78065
-6.62826
-3.90787
-6.83895
-4.02889
-7.00626
-4.1424
-7.12919
-4.24705
-7.20697
-4.34154
-7.23914
-4.42458
-7.22548
-4.49491
-7.16604
-4.55135
-7.06116
-4.59275
-6.91143
-4.61805
-6.71772
-4.62628
-6.48115
-4.61654
-6.20312
-4.58806
-5.88524
-4.54015
-5.5294
-4.47226
-5.13768
-4.38394
-4.7124
-4.27488
-4.25607
-4.14491
-3.77138
-3.99398
-3.26121
-3.82218
-2.72856
-3.62972
-2.17659
-3.41696
-1.60856
-3.18441
-1.02784
-2.93268
-0.437845
-2.66251
0.157932
-2.37479
0.755978
-2.0705
1.35277
-1.75072
1.94478
-1.41667
2.52855
-1.06964
3.10064
-0.710981
3.6577
-0.34216
4.19647
0.0353175
4.71381
0.419887
5.20672
0.809943
5.67234
1.20385
6.10798
1.59996
6.51114
1.99661
6.87951
2.39214
7.21101
2.78493
7.50378
3.17337
7.75618
3.55588
7.96684
3.93097
8.13462
4.29717
8.25866
4.6531
8.33834
4.99747
8.37334
5.32907
8.36357
5.64678
8.30924
5.94961
8.2108
6.23665
8.06899
6.50713
7.88477
6.76039
7.65939
6.99589
7.39431
7.21323
7.09123
7.41214
6.75208
7.59245
6.37899
7.75415
5.97429
7.89735
5.54049
8.02226
5.08025
8.12924
4.59638
8.21875
4.09185
8.29136
3.5697
8.34776
3.03308
8.38871
2.48523
8.41508
1.9294
8.42782
1.36892
8.42795
0.807115
8.41654
0.247289
8.39474
-0.307261
8.36373
-0.853292
8.32471
-1.38762
8.27893
-1.90716
8.22762
-2.40892
8.17203
-2.89001
8.11341
-3.34771
8.05297
-3.77943
7.9919
-4.18275
7.93135
-4.55543
7.87241
-4.89543
7.81613
-5.20089
7.76347
-5.47021
7.71534
-5.70196
7.67255
-5.89497
7.63582
-6.0483
7.60578
-6.16124
7.58297
-6.23335
7.56781
-6.26439
7.56061
-6.2544
7.56159
-6.20365
7.57084
-6.11265
7.58834
-5.98213
7.61396
-5.81309
7.64745
-5.6067
7.68847
-5.36438
7.73654
-5.08775
7.79112
-4.7786
7.85153
-4.43893
7.91701
-4.0709
7.98672
-3.67682
8.05973
-3.25914
8.13503
-2.82045
8.21154
-2.36342
8.28815
-1.89085
8.36367
-1.40558
8.43687
-0.91053
8.5065
-0.408662
8.57129
0.0970479
8.62994
0.603614
8.68116
1.10806
8.72368
1.60745
8.75621
2.09889
8.77754
2.57953
8.78645
3.04663
8.78178
3.49752
8.76245
3.92967
8.72742
4.34065
8.67573
4.72817
8.6065
5.09011
8.51895
5.42449
8.41237
5.72952
8.28619
6.0036
8.13991
6.24529
7.97317
6.45339
7.78571
6.62688
7.5774
6.76495
7.34824
6.86702
7.09833
6.9327
6.82792
6.96186
6.53739
6.95455
6.22721
6.91104
5.89802
6.83184
5.55056
6.71764
5.18569
6.56936
4.80439
6.38809
4.40775
6.17514
3.99697
5.93198
3.57335
5.66026
3.13828
5.36181
2.69325
5.03858
2.23981
4.69269
1.77962
4.32637
1.31435
3.94197
0.845785
3.54192
0.375708
3.12877
-0.0940382
2.7051
-0.561588
2.27358
-1.02506
1.83689
-1.48257
1.39774
-1.93222
0.958859
-2.37215
0.522946
-2.80051
0.0926867
-3.21548
-0.329277
-3.61529
-0.740359
-3.99823
-1.13805
-4.36264
-1.51992
-4.70693
-1.88364
-5.0296
-2.22701
-5.32923
-2.54793
-5.6045
-2.84446
-5.8542
-3.11481
-6.07721
-3.35733
-6.27255
-3.57056
-6.43933
-3.75322
-6.57683
-3.90419
-6.68441
-4.02256
-6.7616
-4.10763
-6.80806
-4.15888
